+-+-+-+-+-+-+-+-+-+-+-+-+-+-+ GRAFO CARGADO +-+-+-+-+-+-+-+-+-+-+-+-+-+-+-
        1         2         3         4         5         6         7         8         9         10        11        12        13        14        15        16        17        18        19        20        21        22        23        24        25        26        27        28        29        30        31        32        33        34        35        36        37        38        39        40        41        42        43        44        45        46        47        48        49        50        51        52        53        54        55        56        57        58        59        60
1     0         66.272    54.037    23.324    42.802    86.833    40.447    52.154    54.918    100.439    85.907    34.409    94.763    54.589    15.62    48.374    12.166    64.56    6.0    31.623    16.125    43.267    83.952    35.777    50.636    12.806    60.926    60.166    54.589    56.321    84.119    55.317    94.403    14.56    32.249    40.0    78.026    66.753    36.222    52.345    26.833    5.657    89.196    80.623    64.281    86.023    20.0    27.785    78.102    69.426    50.912    111.212    28.071    66.483    88.295    41.617    82.024    63.151    49.396    38.0    
2     66.272    0         12.649    59.933    45.255    24.083    28.636    77.201    73.756    54.406    21.633    46.043    62.0    75.286    54.148    55.317    70.342    73.756    66.0    60.926    71.47    42.426    20.0    35.44    16.125    57.723    65.299    72.139    18.439    78.102    34.928    21.633    50.99    70.456    34.059    49.396    12.649    82.073    76.158    43.863    45.695    70.029    30.0    52.953    12.166    25.612    53.141    42.755    15.62    20.1    42.426    65.788    67.676    30.265    24.413    50.478    52.612    77.795    23.324    73.348    
3     54.037    12.649    0         47.413    34.409    36.056    16.125    70.711    68.118    62.61    34.0    34.059    67.082    69.426    42.755    50.0    57.723    69.971    54.148    52.154    58.822    31.623    32.249    26.077    7.211    45.122    61.774    67.676    10.0    72.25    38.21    14.0    58.31    59.228    22.091    42.426    24.0    77.666    67.231    40.249    33.106    58.034    41.037    56.036    12.806    36.878    40.497    32.311    27.203    21.26    38.471    74.243    58.138    27.203    36.715    43.863    56.143    73.239    17.889    64.9    
4     23.324    59.933    47.413    0         22.804    83.355    31.305    72.443    74.027    104.805    81.413    16.0    103.247    74.108    30.0    63.151    16.125    82.219    28.636    50.04    14.56    24.331    79.649    41.183    47.202    12.166    76.942    78.102    43.681    76.236    68.264    42.755    99.358    37.577    31.241    53.367    69.57    86.023    58.241    62.769    14.422    28.844    87.658    89.554    53.852    83.762    8.944    36.056    74.431    56.321    60.926    116.276    49.031    50.16    84.119    55.317    90.554    82.0    50.99    59.228    
5     42.802    45.255    34.409    22.804    0         69.311    20.881    83.57    83.522    96.747    66.603    8.485    99.298    84.119    42.19    68.731    38.626    89.443    46.69    60.926    37.363    2.828    65.115    42.048    37.577    30.0    82.608    85.907    26.907    86.649    46.0    24.413    92.13    55.172    30.067    58.856    52.154    95.079    72.719    64.031    17.205    48.415    75.073    86.833    36.056    70.767    22.804    41.231    60.828    36.056    62.032    108.407    62.769    28.071    69.426    60.828    87.361    90.708    45.607    72.471    
6     86.833    24.083    36.056    83.355    69.311    0         52.154    85.44    80.623    36.056    4.0    70.0    49.396    82.462    72.993    63.246    92.477    77.175    85.51    74.431    94.021    66.483    4.472    52.345    36.77    79.85    68.964    76.942    42.426    85.088    48.166    45.343    34.928    88.363    55.027    60.828    20.881    86.093    89.107    50.596    68.964    89.822    8.0    45.607    34.409    4.472    76.026    60.531    8.944    39.395    50.0    46.174    82.219    50.99    2.828    61.188    44.407    82.365    38.21    85.51    
7     40.447    28.636    16.125    31.305    20.881    52.154    0         68.264    67.082    76.551    50.12    18.439    78.435    68.0    32.249    50.596    42.426    71.47    41.761    46.861    43.174    18.439    48.374    23.409    17.205    30.067    64.031    68.352    14.142    70.711    44.721    15.232    71.694    48.332    12.806    41.231    38.833    78.0    60.828    44.181    17.088    45.122    56.851    65.97    24.0    52.802    24.739    25.612    43.267    29.12    42.19    88.204    50.99    28.425    52.839    43.081    66.483    73.539    24.739    59.464    
8     52.154    77.201    70.711    72.443    83.57    85.44    68.264    0         6.325    78.23    86.925    75.895    64.031    4.472    42.755    22.361    64.281    17.205    46.174    22.804    68.264    82.462    85.088    45.607    63.655    60.299    20.396    13.416    78.102    4.472    108.904    81.216    72.111    38.833    55.57    28.284    89.308    15.232    17.889    34.928    67.052    48.662    82.97    52.345    83.451    82.219    65.115    42.942    79.624    91.935    35.777    85.51    24.083    95.603    88.023    26.907    54.332    12.806    54.037    14.56    
9     54.918    73.756    68.118    74.027    83.522    80.623    67.082    6.325    0         72.111    82.292    76.158    57.723    2.0    44.045    18.439    67.082    11.314    49.031    24.0    71.021    82.219    80.498    43.909    60.959    62.0    14.142    7.211    76.026    4.472    106.301    79.322    66.03    42.379    54.626    26.077    85.604    12.0    22.804    30.529    67.469    51.923    77.795    46.174    80.722    77.253    66.272    42.379    75.18    89.376    31.623    79.246    27.203    93.744    83.259    24.413    48.166    8.246    50.912    18.868    
10    100.439    54.406    62.61    104.805    96.747    36.056    76.551    78.23    72.111    0         40.05    94.868    18.868    74.108    84.876    60.166    109.343    64.125    97.098    77.253    111.946    94.021    40.0    65.299    59.363    97.673    58.034    66.0    71.694    76.026    84.024    75.392    6.325    96.602    73.593    63.561    56.143    72.443    88.769    50.16    90.907    101.548    28.071    26.0    66.483    32.0    96.208    72.801    40.447    73.348    50.99    11.662    85.44    84.404    38.21    62.769    24.0    70.114    53.814    84.404    
11    85.907    21.633    34.0    81.413    66.603    4.0    50.12    86.925    82.292    40.05    0         67.676    53.141    84.095    72.443    64.622    91.082    79.322    84.853    74.967    92.477    63.781    2.0    52.038    35.44    78.435    71.021    78.892    39.699    86.764    44.181    42.426    38.833    88.091    53.852    61.612    17.088    88.204    89.822    52.0    67.082    89.107    12.0    48.826    31.241    8.246    74.324    60.133    8.0    35.777    51.264    50.16    82.608    47.413    2.828    62.097    47.707    84.38    38.0    86.348    
12    34.409    46.043    34.059    16.0    8.485    70.0    18.439    75.895    76.158    94.868    67.676    0         95.854    76.655    34.0    62.129    31.048    82.608    38.21    53.141    30.265    8.944    66.03    36.222    35.609    21.633    76.105    78.918    28.636    79.12    52.345    27.203    89.889    46.69    24.331    52.154    54.626    87.864    64.498    58.549    8.944    40.0    75.073    82.873    38.626    70.937    14.422    34.234    61.221    40.447    56.569    106.508    54.589    34.234    70.456    54.148    83.57    83.546    42.048    64.405    
13    94.763    62.0    67.082    103.247    99.298    49.396    78.435    64.031    57.723    18.868    53.141    95.854    0         59.666    79.246    49.396    104.995    48.374    90.554    67.676    108.074    96.768    52.498    62.129    62.097    94.403    43.681    50.99    76.942    61.188    95.037    80.895    15.62    88.408    72.471    55.317    67.082    56.036    76.968    42.426    90.355    94.847    42.048    14.142    74.027    44.944    94.34    68.411    50.99    82.024    43.863    22.0    75.472    92.087    52.0    54.037    12.806    54.332    53.852    72.498    
14    54.589    75.286    69.426    74.108    84.119    82.462    68.0    4.472    2.0    74.108    84.095    76.655    59.666    0         44.181    20.0    66.753    12.806    48.662    24.083    70.711    82.873    82.292    44.944    62.29    62.032    16.125    8.944    77.201    2.828    107.629    80.449    68.029    41.761    55.462    27.203    87.201    12.166    21.633    32.249    67.912    51.42    79.699    48.166    82.073    79.12    66.483    43.081    76.942    90.686    33.287    81.216    26.683    94.868    85.088    25.612    50.16    8.944    52.345    17.889    
15    15.62    54.148    42.755    30.0    42.19    72.993    32.249    42.755    44.045    84.876    72.443    34.0    79.246    44.181    0         34.176    26.077    52.345    12.649    20.1    29.53    41.617    70.456    20.881    38.053    18.111    47.539    48.166    45.695    46.39    76.942    47.413    78.816    16.492    20.881    25.06    66.483    56.036    30.529    36.878    25.06    17.088    74.726    65.115    54.406    71.805    22.361    12.649    64.498    60.926    35.384    95.603    20.591    60.465    74.673    26.833    66.483    52.0    34.928    30.463    
16    48.374    55.317    50.0    63.151    68.731    63.246    50.596    22.361    18.439    60.166    64.622    62.129    49.396    20.0    34.176    0         59.933    20.881    43.267    18.439    63.561    67.082    62.769    27.203    42.802    51.923    14.0    17.889    58.31    22.804    88.091    61.774    53.852    39.598    38.833    10.0    67.201    27.785    28.636    12.649    54.0    47.202    61.188    35.777    62.482    60.166    54.589    28.0    57.271    71.218    13.416    69.08    26.077    76.158    65.788    8.0    37.577    23.324    32.558    24.331    
17    12.166    70.342    57.723    16.125    38.626    92.477    42.426    64.281    67.082    109.343    91.082    31.048    104.995    66.753    26.077    59.933    0         76.655    18.111    43.681    4.0    39.85    89.196    44.045    55.714    12.649    72.801    72.277    56.143    68.469    83.187    56.0    103.479    26.077    37.577    51.108    81.216    78.918    48.042    62.801    26.0    16.125    95.708    90.907    66.272    92.195    18.0    36.77    83.57    70.029    61.221    120.416    40.2    65.115    93.638    52.839    92.195    75.313    56.604    50.04    
18    64.56    73.756    69.971    82.219    89.443    77.175    71.47    17.205    11.314    64.125    79.322    82.608    48.374    12.806    52.345    20.881    76.655    0         58.822    32.985    80.523    87.864    77.666    48.083    62.769    70.456    8.485    4.472    78.715    13.416    107.648    82.292    58.31    52.802    59.666    30.594    84.853    8.944    34.059    30.0    74.243    62.032    73.348    38.21    82.098    73.43    74.027    48.374    72.801    90.973    31.623    70.257    37.577    96.602    79.925    28.636    40.2    6.0    52.154    30.0    
19    6.0    66.0    54.148    28.636    46.69    85.51    41.761    46.174    49.031    97.098    84.853    38.21    90.554    48.662    12.649    43.267    18.111    58.822    0         26.0    22.091    46.861    82.873    33.526    50.04    17.205    55.462    54.406    55.785    50.359    86.163    56.921    90.973    8.944    32.062    35.384    78.102    60.828    30.265    48.166    30.0    4.472    87.361    76.42    65.115    84.404    24.083    25.298    76.942    70.88    46.861    107.648    22.091    68.877    87.132    36.878    77.897    57.271    47.539    32.0    
20    31.623    60.926    52.154    50.04    60.926    74.431    46.861    22.804    24.0    77.253    74.967    53.141    67.676    24.083    20.1    18.439    43.681    32.985    26.0    0         47.539    59.933    72.993    26.077    45.651    38.0    29.53    28.636    58.138    26.306    89.644    60.828    70.937    21.26    34.059    14.142    73.539    36.0    15.232    27.203    44.272    29.53    74.0    53.852    64.9    72.111    42.426    21.26    67.082    72.801    26.683    86.764    8.246    74.967    76.655    14.56    55.57    32.062    37.947    12.806    
21    16.125    71.47    58.822    14.56    37.363    94.021    43.174    68.264    71.021    111.946    92.477    30.265    108.074    70.711    29.53    63.561    4.0    80.523    22.091    47.539    0         38.833    90.62    46.69    57.271    14.422    76.551    76.158    56.569    72.443    82.608    56.143    106.151    30.067    39.446    54.589    82.0    82.873    52.038    66.03    26.306    20.1    97.529    94.021    66.753    93.915    18.439    39.699    85.088    70.029    64.405    123.11    44.181    64.498    95.079    56.356    95.268    79.246    58.822    54.037    
22    43.267    42.426    31.623    24.331    2.828    66.483    18.439    82.462    82.219    94.021    63.781    8.944    96.768    82.873    41.617    67.082    39.85    87.864    46.861    59.933    38.833    0         62.29    40.2    34.928    30.529    80.895    84.404    24.083    85.44    44.045    21.633    89.443    55.172    28.284    57.271    49.396    93.68    72.111    62.0    16.971    48.826    72.25    84.404    33.287    67.941    23.324    39.85    58.0    33.526    60.0    105.679    62.129    26.0    66.603    59.228    84.9    89.286    43.174    71.694    
23    83.952    20.0    32.249    79.649    65.115    4.472    48.374    85.088    80.498    40.0    2.0    66.03    52.498    82.292    70.456    62.769    89.196    77.666    82.873    72.993    90.62    62.29    0         50.04    33.526    76.551    69.34    77.175    38.21    84.971    44.045    41.037    38.471    86.093    51.923    59.666    16.492    86.533    87.864    50.16    65.299    87.132    12.166    47.707    30.0    8.0    72.498    58.138    6.0    34.928    49.396    50.359    80.623    46.519    4.472    60.166    46.648    82.68    36.0    84.404    
24    35.777    35.44    26.077    41.183    42.048    52.345    23.409    45.607    43.909    65.299    52.038    36.222    62.129    44.944    20.881    27.203    44.045    48.083    33.526    26.077    46.69    40.2    50.04    0         19.698    32.558    40.792    44.944    32.558    47.707    63.781    35.609    59.464    36.056    12.0    17.889    48.083    54.626    41.183    22.361    29.12    37.947    53.852    48.374    38.833    50.99    32.249    8.246    44.045    46.861    20.396    76.42    32.311    50.0    54.148    19.698    49.396    50.16    14.142    38.833    
25    50.636    16.125    7.211    47.202    37.577    36.77    17.205    63.655    60.959    59.363    35.44    35.609    62.097    62.29    38.053    42.802    55.714    62.769    50.04    45.651    57.271    34.928    33.526    19.698    0         43.081    54.589    60.465    16.492    65.115    45.343    20.396    54.589    54.332    18.439    35.384    28.636    70.456    60.828    33.106    32.802    54.148    40.497    50.359    19.799    36.715    39.446    26.683    27.857    28.425    31.305    71.021    52.0    34.176    37.947    36.77    50.636    66.03    10.77    58.31    
26    12.806    57.723    45.122    12.166    30.0    79.85    30.067    60.299    62.0    97.673    78.435    21.633    94.403    62.032    18.111    51.923    12.649    70.456    17.205    38.0    14.422    30.529    76.551    32.558    43.081    0         65.513    66.272    44.0    64.125    72.277    44.181    91.935    26.077    25.06    42.379    68.731    74.0    46.174    52.839    14.56    18.439    83.187    80.449    54.037    79.624    7.211    26.077    70.937    58.31    51.108    108.904    36.878    54.406    80.994    44.272    81.609    70.029    44.407    47.074    
27    60.926    65.299    61.774    76.942    82.608    68.964    64.031    20.396    14.142    58.034    71.021    76.105    43.681    16.125    47.539    14.0    72.801    8.485    55.462    29.53    76.551    80.895    69.34    40.792    54.589    65.513    0         8.246    70.682    18.0    99.298    74.324    52.0    50.478    52.612    24.0    76.368    17.205    34.409    21.633    68.0    59.059    65.391    32.062    73.783    65.299    68.469    42.0    64.405    82.68    23.324    65.115    35.609    88.566    71.694    22.0    34.059    13.416    43.909    30.0    
28    60.166    72.139    67.676    78.102    85.907    76.942    68.352    13.416    7.211    66.0    78.892    78.918    50.99    8.944    48.166    17.889    72.277    4.472    54.406    28.636    76.158    84.404    77.175    44.944    60.465    66.272    8.246    0         76.158    10.198    105.603    79.649    60.033    48.332    56.321    27.203    83.546    10.0    29.732    28.284    70.456    57.585    73.539    40.0    80.0    73.348    70.0    44.721    72.111    88.814    29.732    72.691    33.106    94.021    79.649    25.298    42.0    5.657    50.0    25.612    
29    54.589    18.439    10.0    43.681    26.907    42.426    14.142    78.102    76.026    71.694    39.699    28.636    76.942    77.201    45.695    58.31    56.143    78.715    55.785    58.138    56.569    24.083    38.21    32.558    16.492    44.0    70.682    76.158    0         80.0    31.623    4.0    67.676    62.032    25.06    50.0    26.0    86.093    72.801    49.396    30.265    59.228    48.415    66.03    10.198    44.045    38.21    37.202    34.059    15.232    47.539    83.259    63.246    17.889    42.521    51.614    66.121    81.633    27.203    70.937    
30    56.321    78.102    72.25    76.236    86.649    85.088    70.711    4.472    4.472    76.026    86.764    79.12    61.188    2.828    46.39    22.804    68.469    13.416    50.359    26.306    72.443    85.44    84.971    47.707    65.115    64.125    18.0    10.198    80.0    0         110.454    83.235    70.0    43.174    58.138    30.0    90.0    10.77    22.361    34.986    70.342    52.953    82.219    50.04    84.9    81.707    68.731    45.695    79.649    93.509    36.056    82.873    28.284    97.652    87.727    28.425    52.038    8.485    55.172    18.974    
31    84.119    34.928    38.21    68.264    46.0    48.166    44.721    108.904    106.301    84.024    44.181    52.345    95.037    107.629    76.942    88.091    83.187    107.648    86.163    89.644    82.608    44.045    44.045    63.781    45.343    72.277    99.298    105.603    31.623    110.454    0         29.53    82.098    93.038    56.604    80.623    28.071    115.603    104.403    77.666    57.723    89.196    56.143    87.361    25.612    52.038    65.513    68.819    44.181    16.971    76.026    94.34    94.868    18.111    46.39    82.073    86.833    111.212    55.606    102.45    
32    55.317    21.633    14.0    42.755    24.413    45.343    15.232    81.216    79.322    75.392    42.426    27.203    80.895    80.449    47.413    61.774    56.0    82.292    56.921    60.828    56.143    21.633    41.037    35.609    20.396    44.181    74.324    79.649    4.0    83.235    29.53    0         71.47    63.561    27.203    53.254    27.785    89.554    75.286    53.141    30.0    60.166    51.614    70.029    11.662    47.202    38.0    39.699    37.202    14.142    51.264    86.925    65.605    14.422    45.255    54.918    70.114    85.088    31.048    73.593    
33    94.403    50.99    58.31    99.358    92.13    34.928    71.694    72.111    66.03    6.325    38.833    89.889    15.62    68.029    78.816    53.852    103.479    58.31    90.973    70.937    106.151    89.443    38.471    59.464    54.589    91.935    52.0    60.033    67.676    70.0    82.098    71.47    0         90.355    68.118    57.271    54.037    66.753    82.462    43.863    85.604    95.415    27.203    20.1    63.151    30.594    90.686    66.843    38.0    70.456    44.721    16.971    79.12    81.216    37.363    56.462    18.111    64.281    48.415    78.102    
34    14.56    70.456    59.228    37.577    55.172    88.363    48.332    38.833    42.379    96.602    88.091    46.69    88.408    41.761    16.492    39.598    26.077    52.802    8.944    21.26    30.067    55.172    86.093    36.056    54.332    26.077    50.478    48.332    62.032    43.174    93.038    63.561    90.355    0         37.363    33.287    82.873    53.852    22.0    46.648    38.21    10.0    89.443    74.404    70.88    86.833    32.802    28.0    80.1    77.253    45.651    106.677    15.232    76.158    90.2    34.409    76.026    50.596    50.16    24.331    
35    32.249    34.059    22.091    31.241    30.067    55.027    12.806    55.57    54.626    73.593    53.852    24.331    72.471    55.462    20.881    38.833    37.577    59.666    32.062    34.059    39.446    28.284    51.923    12.0    18.439    25.06    52.612    56.321    25.06    58.138    56.604    27.203    68.118    37.363    0         29.12    46.043    65.788    48.166    34.234    17.889    36.0    58.138    59.093    33.526    54.626    22.627    12.806    46.174    40.249    32.249    85.041    38.419    41.037    56.321    31.048    59.933    61.351    19.799    46.69    
36    40.0    49.396    42.426    53.367    58.856    60.828    41.231    28.284    26.077    63.561    61.612    52.154    55.317    27.203    25.06    10.0    51.108    30.594    35.384    14.142    54.589    57.271    59.666    17.889    35.384    42.379    24.0    27.203    50.0    30.0    80.623    53.254    57.271    33.287    29.12    0         61.774    36.77    28.284    13.416    44.0    39.598    60.033    41.231    55.172    58.31    44.721    18.0    53.852    63.655    12.649    73.43    22.361    67.676    63.151    2.0    42.802    32.311    26.077    24.739    
37    78.026    12.649    24.0    69.57    52.154    20.881    38.833    89.308    85.604    56.143    17.088    54.626    67.082    87.201    66.483    67.201    81.216    84.853    78.102    73.539    82.0    49.396    16.492    48.083    28.636    68.731    76.368    83.546    26.0    90.0    28.071    27.785    54.037    82.873    46.043    61.774    0         93.381    88.769    55.317    55.785    82.024    28.636    60.166    16.125    24.331    63.561    55.317    16.125    18.868    54.037    66.753    80.324    30.529    19.698    62.769    59.464    89.196    35.777    85.907    
38    66.753    82.073    77.666    86.023    95.079    86.093    78.0    15.232    12.0    72.443    88.204    87.864    56.036    12.166    56.036    27.785    78.918    8.944    60.828    36.0    82.873    93.68    86.533    54.626    70.456    74.0    17.205    10.0    86.093    10.77    115.603    89.554    66.753    53.852    65.788    36.77    93.381    0         33.106    38.21    79.246    63.561    82.292    46.69    90.0    82.365    78.23    53.852    81.609    98.813    39.699    78.026    38.833    103.942    88.837    34.928    48.662    4.472    60.0    29.732    
39    36.222    76.158    67.231    58.241    72.719    89.107    60.828    17.889    22.804    88.769    89.822    64.498    76.968    21.633    30.529    28.636    48.042    34.059    30.265    15.232    52.038    72.111    87.864    41.183    60.828    46.174    34.409    29.732    72.801    22.361    104.403    75.286    82.462    22.0    48.166    28.284    88.769    33.106    0         40.05    55.57    32.0    88.204    63.906    79.925    86.579    52.0    35.609    82.0    87.658    40.0    97.406    10.0    89.196    91.411    28.071    65.788    30.529    53.141    4.472    
40    52.345    43.863    40.249    62.769    64.031    50.596    44.181    34.928    30.529    50.16    52.0    58.549    42.426    32.249    36.878    12.649    62.801    30.0    48.166    27.203    66.03    62.0    50.16    22.361    33.106    52.839    21.633    28.284    49.396    34.986    77.666    53.141    43.863    46.648    34.234    13.416    55.317    38.21    40.05    0         51.42    52.498    48.662    28.284    52.154    47.539    53.852    26.833    44.721    61.057    2.0    60.033    35.44    67.231    53.141    12.649    29.732    33.941    22.361    36.0    
41    26.833    45.695    33.106    14.422    17.205    68.964    17.088    67.052    67.469    90.907    67.082    8.944    90.355    67.912    25.06    54.0    26.0    74.243    30.0    44.272    26.306    16.971    65.299    29.12    32.802    14.56    68.0    70.456    30.265    70.342    57.723    30.0    85.604    38.21    17.889    44.0    55.785    79.246    55.57    51.42    0         32.249    73.239    76.968    40.447    69.34    8.0    26.0    60.033    44.045    49.477    102.45    45.651    39.85    69.771    46.0    77.82    74.967    37.202    55.462    
42    5.657    70.029    58.034    28.844    48.415    89.822    45.122    48.662    51.923    101.548    89.107    40.0    94.847    51.42    17.088    47.202    16.125    62.032    4.472    29.53    20.1    48.826    87.132    37.947    54.148    18.439    59.059    57.585    59.228    52.953    89.196    60.166    95.415    10.0    36.0    39.598    82.024    63.561    32.0    52.498    32.249    0         91.761    80.722    68.731    88.769    25.612    29.732    81.216    74.216    51.225    112.071    24.739    71.694    91.411    41.037    82.219    60.166    51.923    34.234    
43    89.196    30.0    41.037    87.658    75.073    8.0    56.851    82.97    77.795    28.071    12.0    75.073    42.048    79.699    74.726    61.188    95.708    73.348    87.361    74.0    97.529    72.25    12.166    53.852    40.497    83.187    65.391    73.539    48.415    82.219    56.143    51.614    27.203    89.443    58.138    60.033    28.636    82.292    88.204    48.662    73.239    91.761    0         39.598    41.183    4.472    79.925    62.097    14.422    46.819    48.374    38.21    82.024    58.31    10.198    60.133    38.21    78.791    39.85    84.38    
44    80.623    52.953    56.036    89.554    86.833    45.607    65.97    52.345    46.174    26.0    48.826    82.873    14.142    48.166    65.115    35.777    90.907    38.21    76.42    53.852    94.021    84.404    47.707    48.374    50.359    80.449    32.062    40.0    66.03    50.04    87.361    70.029    20.1    74.404    59.093    41.231    60.166    46.69    63.906    28.284    76.968    80.722    39.598    0         64.498    41.231    80.623    54.406    44.721    72.993    29.732    33.526    61.774    82.219    48.415    40.0    2.0    44.181    41.231    59.464    
45    64.281    12.166    12.806    53.852    36.056    34.409    24.0    83.451    80.722    66.483    31.241    38.626    74.027    82.073    54.406    62.482    66.272    82.098    65.115    64.9    66.753    33.287    30.0    38.833    19.799    54.037    73.783    80.0    10.198    84.9    25.612    11.662    63.151    70.88    33.526    55.172    16.125    90.0    79.925    52.154    40.447    68.731    41.183    64.498    0         36.715    48.374    44.721    26.833    8.944    50.478    77.795    70.711    18.111    34.059    56.569    64.281    85.604    30.0    77.666    
46    86.023    25.612    36.878    83.762    70.767    4.472    52.802    82.219    77.253    32.0    8.246    70.937    44.944    79.12    71.805    60.166    92.195    73.43    84.404    72.111    93.915    67.941    8.0    50.99    36.715    79.624    65.299    73.348    44.045    81.707    52.038    47.202    30.594    86.833    54.626    58.31    24.331    82.365    86.579    47.539    69.34    88.769    4.472    41.231    36.715    0         76.158    59.228    10.0    42.379    47.074    42.426    80.025    53.852    7.211    58.549    40.0    78.715    36.878    82.873    
47    20.0    53.141    40.497    8.944    22.804    76.026    24.739    65.115    66.272    96.208    74.324    14.422    94.34    66.483    22.361    54.589    18.0    74.027    24.083    42.426    18.439    23.324    72.498    32.249    39.446    7.211    68.469    70.0    38.21    68.731    65.513    38.0    90.686    32.802    22.627    44.721    63.561    78.23    52.0    53.852    8.0    25.612    79.925    80.623    48.374    76.158    0         27.203    67.082    52.038    52.0    107.629    42.379    47.539    76.968    46.69    81.633    74.108    42.426    52.498    
48    27.785    42.755    32.311    36.056    41.231    60.531    25.612    42.942    42.379    72.801    60.133    34.234    68.411    43.081    12.649    28.0    36.77    48.374    25.298    21.26    39.699    39.85    58.138    8.246    26.683    26.077    42.0    44.721    37.202    45.695    68.819    39.699    66.843    28.0    12.806    18.0    55.317    53.852    35.609    26.833    26.0    29.732    62.097    54.406    44.721    59.228    27.203    0         52.154    52.154    25.06    83.738    26.077    53.74    62.29    20.0    55.606    49.477    22.361    33.941    
49    78.102    15.62    27.203    74.431    60.828    8.944    43.267    79.624    75.18    40.447    8.0    61.221    50.99    76.942    64.498    57.271    83.57    72.801    76.942    67.082    85.088    58.0    6.0    44.045    27.857    70.937    64.405    72.111    34.059    79.649    44.181    37.202    38.0    80.1    46.174    53.852    16.125    81.609    82.0    44.721    60.033    81.216    14.422    44.721    26.833    10.0    67.082    52.154    0         32.985    43.863    51.42    74.673    44.272    10.198    54.406    43.863    77.666    30.0    78.588    
50    69.426    20.1    21.26    56.321    36.056    39.395    29.12    91.935    89.376    73.348    35.777    40.447    82.024    90.686    60.926    71.218    70.029    90.973    70.88    72.801    70.029    33.526    34.928    46.861    28.425    58.31    82.68    88.814    15.232    93.509    16.971    14.142    70.456    77.253    40.249    63.655    18.868    98.813    87.658    61.057    44.045    74.216    46.819    72.993    8.944    42.379    52.038    52.154    32.985    0         59.363    84.404    78.23    11.662    38.471    65.115    72.691    94.403    38.833    85.604    
51    50.912    42.426    38.471    60.926    62.032    50.0    42.19    35.777    31.623    50.99    51.264    56.569    43.863    33.287    35.384    13.416    61.221    31.623    46.861    26.683    64.405    60.0    49.396    20.396    31.305    51.108    23.324    29.732    47.539    36.056    76.026    51.264    44.721    45.651    32.249    12.649    54.037    39.699    40.0    2.0    49.477    51.225    48.374    29.732    50.478    47.074    52.0    25.06    43.863    59.363    0         61.057    34.928    65.391    52.498    12.166    31.113    35.384    20.591    36.056    
52    111.212    65.788    74.243    116.276    108.407    46.174    88.204    85.51    79.246    11.662    50.16    106.508    22.0    81.216    95.603    69.08    120.416    70.257    107.648    86.764    123.11    105.679    50.359    76.42    71.021    108.904    65.115    72.691    83.259    82.873    94.34    86.925    16.971    106.677    85.041    73.43    66.753    78.026    97.406    60.033    102.45    112.071    38.21    33.526    77.795    42.426    107.629    83.738    51.42    84.404    61.057    0         94.847    95.603    48.042    72.471    31.623    76.236    65.299    92.973    
53    28.071    67.676    58.138    49.031    62.769    82.219    50.99    24.083    27.203    85.44    82.608    54.589    75.472    26.683    20.591    26.077    40.2    37.577    22.091    8.246    44.181    62.129    80.623    32.311    52.0    36.878    35.609    33.106    63.246    28.284    94.868    65.605    79.12    15.232    38.419    22.361    80.324    38.833    10.0    35.44    45.651    24.739    82.024    61.774    70.711    80.025    42.379    26.077    74.673    78.23    34.928    94.847    0         79.398    84.38    22.804    63.53    35.44    45.122    10.198    
54    66.483    30.265    27.203    50.16    28.071    50.99    28.425    95.603    93.744    84.404    47.413    34.234    92.087    94.868    60.465    76.158    65.115    96.602    68.877    74.967    64.498    26.0    46.519    50.0    34.176    54.406    88.566    94.021    17.889    97.652    18.111    14.422    81.216    76.158    41.037    67.676    30.529    103.942    89.196    67.231    39.85    71.694    58.31    82.219    18.111    53.852    47.539    53.74    44.272    11.662    65.391    95.603    79.398    0         50.12    69.34    82.098    99.479    44.944    87.681    
55    88.295    24.413    36.715    84.119    69.426    2.828    52.839    88.023    83.259    38.21    2.828    70.456    52.0    85.088    74.673    65.788    93.638    79.925    87.132    76.655    95.079    66.603    4.472    54.148    37.947    80.994    71.694    79.649    42.521    87.727    46.39    45.255    37.363    90.2    56.321    63.151    19.698    88.837    91.411    53.141    69.771    91.411    10.198    48.415    34.059    7.211    76.968    62.29    10.198    38.471    52.498    48.042    84.38    50.12    0         63.561    47.202    85.088    40.05    87.864    
56    41.617    50.478    43.863    55.317    60.828    61.188    43.081    26.907    24.413    62.769    62.097    54.148    54.037    25.612    26.833    8.0    52.839    28.636    36.878    14.56    56.356    59.228    60.166    19.698    36.77    44.272    22.0    25.298    51.614    28.425    82.073    54.918    56.462    34.409    31.048    2.0    62.769    34.928    28.071    12.649    46.0    41.037    60.133    40.0    56.569    58.549    46.69    20.0    54.406    65.115    12.166    72.471    22.804    69.34    63.561    0         41.617    30.463    27.203    24.331    
57    82.024    52.612    56.143    90.554    87.361    44.407    66.483    54.332    48.166    24.0    47.707    83.57    12.806    50.16    66.483    37.577    92.195    40.2    77.897    55.57    95.268    84.9    46.648    49.396    50.636    81.609    34.059    42.0    66.121    52.038    86.833    70.114    18.111    76.026    59.933    42.802    59.464    48.662    65.788    29.732    77.82    82.219    38.21    2.0    64.281    40.0    81.633    55.606    43.863    72.691    31.113    31.623    63.53    82.098    47.202    41.617    0         46.174    41.761    61.351    
58    63.151    77.795    73.239    82.0    90.708    82.365    73.539    12.806    8.246    70.114    84.38    83.546    54.332    8.944    52.0    23.324    75.313    6.0    57.271    32.062    79.246    89.286    82.68    50.16    66.03    70.029    13.416    5.657    81.633    8.485    111.212    85.088    64.281    50.596    61.351    32.311    89.196    4.472    30.529    33.941    74.967    60.166    78.791    44.181    85.604    78.715    74.108    49.477    77.666    94.403    35.384    76.236    35.44    99.479    85.088    30.463    46.174    0         55.606    26.833    
59    49.396    23.324    17.889    50.99    45.607    38.21    24.739    54.037    50.912    53.814    38.0    42.048    53.852    52.345    34.928    32.558    56.604    52.154    47.539    37.947    58.822    43.174    36.0    14.142    10.77    44.407    43.909    50.0    27.203    55.172    55.606    31.048    48.415    50.16    19.799    26.077    35.777    60.0    53.141    22.361    37.202    51.923    39.85    41.231    30.0    36.878    42.426    22.361    30.0    38.833    20.591    65.299    45.122    44.944    40.05    27.203    41.761    55.606    0         50.16    
60    38.0    73.348    64.9    59.228    72.471    85.51    59.464    14.56    18.868    84.404    86.348    64.405    72.498    17.889    30.463    24.331    50.04    30.0    32.0    12.806    54.037    71.694    84.404    38.833    58.31    47.074    30.0    25.612    70.937    18.974    102.45    73.593    78.102    24.331    46.69    24.739    85.907    29.732    4.472    36.0    55.462    34.234    84.38    59.464    77.666    82.873    52.498    33.941    78.588    85.604    36.056    92.973    10.198    87.681    87.864    24.331    61.351    26.833    50.16    0         


Demandas:
1: 0.0
2: 16.0
3: 2.0
4: 7.0
5: 11.0
6: 9.0
7: 17.0
8: 21.0
9: 23.0
10: 10.0
11: 6.0
12: 19.0
13: 18.0
14: 20.0
15: 13.0
16: 5.0
17: 11.0
18: 24.0
19: 2.0
20: 3.0
21: 1.0
22: 5.0
23: 20.0
24: 23.0
25: 24.0
26: 18.0
27: 19.0
28: 2.0
29: 17.0
30: 17.0
31: 9.0
32: 11.0
33: 2.0
34: 6.0
35: 9.0
36: 5.0
37: 9.0
38: 2.0
39: 14.0
40: 19.0
41: 11.0
42: 21.0
43: 20.0
44: 21.0
45: 18.0
46: 48.0
47: 1.0
48: 17.0
49: 42.0
50: 2.0
51: 4.0
52: 24.0
53: 18.0
54: 21.0
55: 11.0
56: 9.0
57: 18.0
58: 22.0
59: 9.0
60: 23.0
+-+-+-+-+-+-+-+-+-+-+-+-+-+-+-+ SOLUCION INICIAL +-+-+-+-+-+-+-+-+-+-+-+-+-+-+-+-

Ruta #1: [1, 4, 42, 17, 21, 41, 26]
Costo asociado: 125.965      Capacidad: 69.0

Ruta #2: [1, 6, 55, 11, 43, 46]
Costo asociado: 194.98399999999998      Capacidad: 94.0

Ruta #3: [1, 7, 12, 35, 25, 24]
Costo asociado: 157.13100000000003      Capacidad: 92.0

Ruta #4: [1, 9, 19, 20, 14, 8, 36, 40]
Costo asociado: 252.549      Capacidad: 93.0

Ruta #5: [1, 10, 13, 52, 33, 44, 57, 51]
Costo asociado: 262.40299999999996      Capacidad: 97.0

Ruta #6: [1, 15, 48, 39, 60, 53, 34]
Costo asociado: 108.34      Capacidad: 91.0

Ruta #7: [1, 2, 3, 23, 37, 49, 59]
Costo asociado: 223.18300000000005      Capacidad: 98.0

Ruta #8: [1, 5, 47, 22, 31, 32, 54, 50, 45, 29]
Costo asociado: 262.32      Capacidad: 95.0

Ruta #9: [1, 16, 56, 18, 27, 28, 38, 58, 30]
Costo asociado: 181.019      Capacidad: 100.0

--> Costo total: 1767.8939999999998          Capacidad total: 829.0

+-+-+-+-+-+-+-+-+-+-+-+-+-+-+-+-+-+-+-+-+-+-+-+-+- Iteracion 1  +-+-+-+-+-+-+-+-+-+-+-+-+-+-+-+-+-+-+-+-+-+-+-+-+-


Ruta #1: [1, 26, 42, 17, 21, 41, 4]
Costo asociado: 115.422      Capacidad: 69.0

Ruta #2: [1, 6, 55, 11, 43, 46]
Costo asociado: 194.98399999999998      Capacidad: 94.0

Ruta #3: [1, 7, 12, 35, 25, 24]
Costo asociado: 157.13100000000003      Capacidad: 92.0

Ruta #4: [1, 9, 19, 20, 14, 8, 36, 40]
Costo asociado: 252.549      Capacidad: 93.0

Ruta #5: [1, 10, 13, 52, 33, 44, 57, 51]
Costo asociado: 262.40299999999996      Capacidad: 97.0

Ruta #6: [1, 15, 48, 39, 60, 53, 34]
Costo asociado: 108.34      Capacidad: 91.0

Ruta #7: [1, 2, 3, 23, 37, 49, 59]
Costo asociado: 223.18300000000005      Capacidad: 98.0

Ruta #8: [1, 5, 47, 22, 31, 32, 54, 50, 45, 29]
Costo asociado: 262.32      Capacidad: 95.0

Ruta #9: [1, 16, 56, 18, 27, 28, 38, 58, 30]
Costo asociado: 181.019      Capacidad: 100.0

--> Costo total: 1757.3509999999999          Capacidad total: 829.0

La solución anterior duró 0min 0seg    -------> Nuevo optimo local. Costo: 1757.351       ==> Optimo: 1408.0  Desvio: 24.8%

Lista tabu: []

ADD: [(1,26,12.806)]

DROP: [(1,4,23.324), (4,42,28.844), (41,26,14.56), (26,1,12.806)]

+-+-+-+-+-+-+-+-+-+-+-+-+-+-+-+-+-+-+-+-+-+-+-+-+- Iteracion 2  +-+-+-+-+-+-+-+-+-+-+-+-+-+-+-+-+-+-+-+-+-+-+-+-+-


Ruta #1: [1, 26, 4, 41, 21, 17, 42]
Costo asociado: 91.482      Capacidad: 69.0

Ruta #2: [1, 6, 55, 11, 43, 46]
Costo asociado: 194.98399999999998      Capacidad: 94.0

Ruta #3: [1, 7, 12, 35, 25, 24]
Costo asociado: 157.13100000000003      Capacidad: 92.0

Ruta #4: [1, 9, 19, 20, 14, 8, 36, 40]
Costo asociado: 252.549      Capacidad: 93.0

Ruta #5: [1, 10, 13, 52, 33, 44, 57, 51]
Costo asociado: 262.40299999999996      Capacidad: 97.0

Ruta #6: [1, 15, 48, 39, 60, 53, 34]
Costo asociado: 108.34      Capacidad: 91.0

Ruta #7: [1, 2, 3, 23, 37, 49, 59]
Costo asociado: 223.18300000000005      Capacidad: 98.0

Ruta #8: [1, 5, 47, 22, 31, 32, 54, 50, 45, 29]
Costo asociado: 262.32      Capacidad: 95.0

Ruta #9: [1, 16, 56, 18, 27, 28, 38, 58, 30]
Costo asociado: 181.019      Capacidad: 100.0

--> Costo total: 1733.4109999999998          Capacidad total: 829.0

La solución anterior duró 0min 0seg    -------> Nuevo optimo local. Costo: 1733.411       ==> Optimo: 1408.0  Desvio: 23.1%

Lista tabu: [((1,4,23.324),11), ((4,42,28.844),11), ((41,26,14.56),11), ((26,1,12.806),11), ((1,26,12.806),10)]

ADD: [(4,26,12.166)]

DROP: [(26,42,18.439), (4,1,23.324)]

+-+-+-+-+-+-+-+-+-+-+-+-+-+-+-+-+-+-+-+-+-+-+-+-+- Iteracion 3  +-+-+-+-+-+-+-+-+-+-+-+-+-+-+-+-+-+-+-+-+-+-+-+-+-


Ruta #1: [1, 26, 4, 41, 21, 17, 42]
Costo asociado: 91.482      Capacidad: 69.0

Ruta #2: [1, 6, 55, 11, 43, 46]
Costo asociado: 194.98399999999998      Capacidad: 94.0

Ruta #3: [1, 7, 12, 35, 25, 24]
Costo asociado: 157.13100000000003      Capacidad: 92.0

Ruta #4: [1, 9, 19, 20, 14, 8, 36, 40]
Costo asociado: 252.549      Capacidad: 93.0

Ruta #5: [1, 10, 13, 52, 33, 44, 57, 51]
Costo asociado: 262.40299999999996      Capacidad: 97.0

Ruta #6: [1, 15, 48, 39, 60, 53, 34]
Costo asociado: 108.34      Capacidad: 91.0

Ruta #7: [1, 2, 3, 23, 37, 49, 59]
Costo asociado: 223.18300000000005      Capacidad: 98.0

Ruta #8: [1, 29, 45, 50, 54, 31, 32, 22, 47, 5]
Costo asociado: 243.59700000000004      Capacidad: 95.0

Ruta #9: [1, 16, 56, 18, 27, 28, 38, 58, 30]
Costo asociado: 181.019      Capacidad: 100.0

--> Costo total: 1714.6879999999999          Capacidad total: 829.0

La solución anterior duró 0min 0seg    -------> Nuevo optimo local. Costo: 1714.688       ==> Optimo: 1408.0  Desvio: 21.8%

Lista tabu: [((1,4,23.324),10), ((4,42,28.844),10), ((41,26,14.56),10), ((26,1,12.806),10), ((1,26,12.806),9), ((26,42,18.439),11), ((4,1,23.324),11), ((4,26,12.166),10)]

ADD: [(54,31,18.111)]

DROP: [(22,31,44.045), (32,54,14.422)]

+-+-+-+-+-+-+-+-+-+-+-+-+-+-+-+-+-+-+-+-+-+-+-+-+- Iteracion 4  +-+-+-+-+-+-+-+-+-+-+-+-+-+-+-+-+-+-+-+-+-+-+-+-+-


Ruta #1: [1, 26, 41, 4, 21, 17, 42]
Costo asociado: 82.13      Capacidad: 69.0

Ruta #2: [1, 6, 55, 11, 43, 46]
Costo asociado: 194.98399999999998      Capacidad: 94.0

Ruta #3: [1, 7, 12, 35, 25, 24]
Costo asociado: 157.13100000000003      Capacidad: 92.0

Ruta #4: [1, 9, 19, 20, 14, 8, 36, 40]
Costo asociado: 252.549      Capacidad: 93.0

Ruta #5: [1, 10, 13, 52, 33, 44, 57, 51]
Costo asociado: 262.40299999999996      Capacidad: 97.0

Ruta #6: [1, 15, 48, 39, 60, 53, 34]
Costo asociado: 108.34      Capacidad: 91.0

Ruta #7: [1, 2, 3, 23, 37, 49, 59]
Costo asociado: 223.18300000000005      Capacidad: 98.0

Ruta #8: [1, 29, 45, 50, 54, 31, 32, 22, 47, 5]
Costo asociado: 243.59700000000004      Capacidad: 95.0

Ruta #9: [1, 16, 56, 18, 27, 28, 38, 58, 30]
Costo asociado: 181.019      Capacidad: 100.0

--> Costo total: 1705.3359999999998          Capacidad total: 829.0

La solución anterior duró 0min 0seg    -------> Nuevo optimo local. Costo: 1705.336       ==> Optimo: 1408.0  Desvio: 21.099999999999998%

Lista tabu: [((1,4,23.324),9), ((4,42,28.844),9), ((41,26,14.56),9), ((26,1,12.806),9), ((1,26,12.806),8), ((26,42,18.439),10), ((4,1,23.324),10), ((4,26,12.166),9), ((22,31,44.045),11), ((32,54,14.422),11), ((54,31,18.111),10)]

ADD: [(26,41,14.56)]

DROP: [(26,4,12.166), (41,21,26.306)]

+-+-+-+-+-+-+-+-+-+-+-+-+-+-+-+-+-+-+-+-+-+-+-+-+- Iteracion 6  +-+-+-+-+-+-+-+-+-+-+-+-+-+-+-+-+-+-+-+-+-+-+-+-+-


Ruta #1: [1, 26, 41, 4, 21, 17, 42]
Costo asociado: 82.13      Capacidad: 69.0

Ruta #2: [1, 6, 55, 11, 43, 46]
Costo asociado: 194.98399999999998      Capacidad: 94.0

Ruta #3: [1, 7, 12, 35, 25, 24]
Costo asociado: 157.13100000000003      Capacidad: 92.0

Ruta #4: [1, 9, 20, 14, 8, 36, 40]
Costo asociado: 201.518      Capacidad: 91.0

Ruta #5: [1, 10, 13, 52, 33, 44, 57, 51]
Costo asociado: 262.40299999999996      Capacidad: 97.0

Ruta #6: [1, 15, 48, 39, 60, 53, 19, 34]
Costo asociado: 124.14300000000001      Capacidad: 93.0

Ruta #7: [1, 2, 3, 23, 37, 49, 59]
Costo asociado: 223.18300000000005      Capacidad: 98.0

Ruta #8: [1, 29, 45, 50, 54, 31, 32, 22, 47, 5]
Costo asociado: 243.59700000000004      Capacidad: 95.0

Ruta #9: [1, 16, 56, 18, 27, 28, 38, 58, 30]
Costo asociado: 181.019      Capacidad: 100.0

--> Costo total: 1670.108          Capacidad total: 829.0

La solución anterior duró 0min 0seg    -------> Nuevo optimo local. Costo: 1670.108       ==> Optimo: 1408.0  Desvio: 18.6%

Lista tabu: [((1,4,23.324),7), ((4,42,28.844),7), ((41,26,14.56),7), ((26,1,12.806),7), ((1,26,12.806),6), ((26,42,18.439),8), ((4,1,23.324),8), ((4,26,12.166),7), ((22,31,44.045),9), ((32,54,14.422),9), ((54,31,18.111),8), ((26,4,12.166),10), ((41,21,26.306),10), ((26,41,14.56),9), ((28,38,10.0),7), ((38,58,4.472),7), ((14,8,4.472),7), ((14,38,12.166),6)]

ADD: [(53,19,22.091)]

DROP: [(9,19,49.031), (19,20,26.0), (53,34,15.232)]

+-+-+-+-+-+-+-+-+-+-+-+-+-+-+-+-+-+-+-+-+-+-+-+-+- Iteracion 8  +-+-+-+-+-+-+-+-+-+-+-+-+-+-+-+-+-+-+-+-+-+-+-+-+-


Ruta #1: [1, 26, 41, 4, 21, 17, 42]
Costo asociado: 82.13      Capacidad: 69.0

Ruta #2: [1, 6, 55, 11, 43, 46]
Costo asociado: 194.98399999999998      Capacidad: 94.0

Ruta #3: [1, 7, 12, 35, 25, 24]
Costo asociado: 157.13100000000003      Capacidad: 92.0

Ruta #4: [1, 9, 20, 14, 8, 36, 40]
Costo asociado: 201.518      Capacidad: 91.0

Ruta #5: [1, 10, 33, 52, 13, 44, 57, 51]
Costo asociado: 243.90200000000002      Capacidad: 97.0

Ruta #6: [1, 15, 48, 39, 60, 53, 19, 34]
Costo asociado: 124.14300000000001      Capacidad: 93.0

Ruta #7: [1, 2, 3, 23, 37, 49, 59]
Costo asociado: 223.18300000000005      Capacidad: 98.0

Ruta #8: [1, 29, 45, 50, 54, 31, 32, 22, 47, 5]
Costo asociado: 243.59700000000004      Capacidad: 95.0

Ruta #9: [1, 16, 56, 18, 27, 28, 38, 58, 30]
Costo asociado: 181.019      Capacidad: 100.0

--> Costo total: 1651.6070000000002          Capacidad total: 829.0

La solución anterior duró 0min 0seg    -------> Nuevo optimo local. Costo: 1651.607       ==> Optimo: 1408.0  Desvio: 17.299999999999997%

Lista tabu: [((1,4,23.324),5), ((4,42,28.844),5), ((41,26,14.56),5), ((26,1,12.806),5), ((1,26,12.806),4), ((26,42,18.439),6), ((4,1,23.324),6), ((4,26,12.166),5), ((22,31,44.045),7), ((32,54,14.422),7), ((54,31,18.111),6), ((26,4,12.166),8), ((41,21,26.306),8), ((26,41,14.56),7), ((28,38,10.0),5), ((38,58,4.472),5), ((14,8,4.472),5), ((14,38,12.166),4), ((9,19,49.031),10), ((19,20,26.0),10), ((53,34,15.232),10), ((53,19,22.091),9), ((60,53,10.198),7), ((53,19,22.091),7), ((56,18,28.636),7), ((18,27,8.485),7), ((53,56,22.804),6)]

ADD: [(33,52,16.971)]

DROP: [(10,13,18.868), (13,52,22.0), (52,33,16.971), (33,44,20.1)]

+-+-+-+-+-+-+-+-+-+-+-+-+-+-+-+-+-+-+-+-+-+-+-+-+- Iteracion 10  +-+-+-+-+-+-+-+-+-+-+-+-+-+-+-+-+-+-+-+-+-+-+-+-+-


Ruta #1: [1, 26, 41, 4, 21, 17, 42]
Costo asociado: 82.13      Capacidad: 69.0

Ruta #2: [1, 6, 55, 11, 43, 46]
Costo asociado: 194.98399999999998      Capacidad: 94.0

Ruta #3: [1, 7, 12, 35, 25, 24]
Costo asociado: 157.13100000000003      Capacidad: 92.0

Ruta #4: [1, 9, 20, 14, 8, 36, 40]
Costo asociado: 201.518      Capacidad: 91.0

Ruta #5: [1, 10, 33, 52, 13, 44, 57, 51]
Costo asociado: 243.90200000000002      Capacidad: 97.0

Ruta #6: [1, 15, 48, 39, 60, 53, 19, 34]
Costo asociado: 124.14300000000001      Capacidad: 93.0

Ruta #7: [1, 2, 49, 23, 37, 3, 59]
Costo asociado: 195.66900000000004      Capacidad: 98.0

Ruta #8: [1, 29, 45, 50, 54, 31, 32, 22, 47, 5]
Costo asociado: 243.59700000000004      Capacidad: 95.0

Ruta #9: [1, 16, 56, 18, 27, 28, 38, 58, 30]
Costo asociado: 181.019      Capacidad: 100.0

--> Costo total: 1624.093          Capacidad total: 829.0

La solución anterior duró 0min 0seg    -------> Nuevo optimo local. Costo: 1624.093       ==> Optimo: 1408.0  Desvio: 15.299999999999999%

Lista tabu: [((1,4,23.324),3), ((4,42,28.844),3), ((41,26,14.56),3), ((26,1,12.806),3), ((1,26,12.806),2), ((26,42,18.439),4), ((4,1,23.324),4), ((4,26,12.166),3), ((22,31,44.045),5), ((32,54,14.422),5), ((54,31,18.111),4), ((26,4,12.166),6), ((41,21,26.306),6), ((26,41,14.56),5), ((28,38,10.0),3), ((38,58,4.472),3), ((14,8,4.472),3), ((14,38,12.166),2), ((9,19,49.031),8), ((19,20,26.0),8), ((53,34,15.232),8), ((53,19,22.091),7), ((60,53,10.198),5), ((53,19,22.091),5), ((56,18,28.636),5), ((18,27,8.485),5), ((53,56,22.804),4), ((10,13,18.868),10), ((13,52,22.0),10), ((52,33,16.971),10), ((33,44,20.1),10), ((33,52,16.971),9), ((28,38,10.0),7), ((38,58,4.472),7), ((14,8,4.472),7), ((14,38,12.166),6)]

ADD: [(3,59,17.889)]

DROP: [(2,3,12.649), (3,23,32.249), (37,49,16.125), (49,59,30.0)]

+-+-+-+-+-+-+-+-+-+-+-+-+-+-+-+-+-+-+-+-+-+-+-+-+- Iteracion 14  +-+-+-+-+-+-+-+-+-+-+-+-+-+-+-+-+-+-+-+-+-+-+-+-+-


Ruta #1: [1, 26, 41, 4, 21, 17, 42]
Costo asociado: 82.13      Capacidad: 69.0

Ruta #2: [1, 6, 55, 11, 43, 46]
Costo asociado: 194.98399999999998      Capacidad: 94.0

Ruta #3: [1, 7, 12, 35, 25, 24]
Costo asociado: 157.13100000000003      Capacidad: 92.0

Ruta #4: [1, 9, 20, 14, 8, 36, 40]
Costo asociado: 201.518      Capacidad: 91.0

Ruta #5: [1, 10, 33, 52, 13, 44, 57, 51]
Costo asociado: 243.90200000000002      Capacidad: 97.0

Ruta #6: [1, 15, 48, 39, 60, 53, 34, 19]
Costo asociado: 108.724      Capacidad: 93.0

Ruta #7: [1, 2, 49, 23, 37, 3, 59]
Costo asociado: 195.66900000000004      Capacidad: 98.0

Ruta #8: [1, 29, 45, 50, 54, 31, 32, 22, 47, 5]
Costo asociado: 243.59700000000004      Capacidad: 95.0

Ruta #9: [1, 16, 56, 18, 27, 28, 38, 58, 30]
Costo asociado: 181.019      Capacidad: 100.0

--> Costo total: 1608.6740000000002          Capacidad total: 829.0

La solución anterior duró 0min 0seg    -------> Nuevo optimo local. Costo: 1608.674       ==> Optimo: 1408.0  Desvio: 14.299999999999999%

Lista tabu: [((22,31,44.045),1), ((32,54,14.422),1), ((26,4,12.166),2), ((41,21,26.306),2), ((26,41,14.56),1), ((9,19,49.031),4), ((19,20,26.0),4), ((53,34,15.232),4), ((53,19,22.091),3), ((60,53,10.198),1), ((53,19,22.091),1), ((56,18,28.636),1), ((18,27,8.485),1), ((10,13,18.868),6), ((13,52,22.0),6), ((52,33,16.971),6), ((33,44,20.1),6), ((33,52,16.971),5), ((28,38,10.0),3), ((38,58,4.472),3), ((14,8,4.472),3), ((14,38,12.166),2), ((2,3,12.649),8), ((3,23,32.249),8), ((37,49,16.125),8), ((49,59,30.0),8), ((3,59,17.889),7), ((37,3,24.0),5), ((3,59,17.889),5), ((35,25,18.439),5), ((3,25,7.211),4), ((27,28,8.246),6), ((28,38,10.0),6), ((20,14,24.083),6), ((14,28,8.944),5), ((7,12,18.439),7), ((12,35,24.331),7), ((26,41,14.56),7), ((41,4,14.422),7), ((7,41,17.088),6)]

ADD: [(34,53,15.232)]

DROP: [(53,19,22.091), (34,1,14.56)]

+-+-+-+-+-+-+-+-+-+-+-+-+-+-+-+-+-+-+-+-+-+-+-+-+- Iteracion 22  +-+-+-+-+-+-+-+-+-+-+-+-+-+-+-+-+-+-+-+-+-+-+-+-+-


Ruta #1: [1, 26, 41, 5, 4, 21, 17, 42]
Costo asociado: 107.717      Capacidad: 80.0

Ruta #2: [1, 6, 55, 11, 43, 46]
Costo asociado: 194.98399999999998      Capacidad: 94.0

Ruta #3: [1, 7, 12, 35, 25, 24]
Costo asociado: 157.13100000000003      Capacidad: 92.0

Ruta #4: [1, 9, 20, 14, 8, 36, 40]
Costo asociado: 201.518      Capacidad: 91.0

Ruta #5: [1, 10, 33, 52, 13, 44, 57, 51]
Costo asociado: 243.90200000000002      Capacidad: 97.0

Ruta #6: [1, 15, 48, 39, 60, 53, 34, 19]
Costo asociado: 108.724      Capacidad: 93.0

Ruta #7: [1, 2, 49, 23, 37, 3, 59]
Costo asociado: 195.66900000000004      Capacidad: 98.0

Ruta #8: [1, 29, 45, 50, 54, 31, 32, 22, 47]
Costo asociado: 197.99100000000004      Capacidad: 84.0

Ruta #9: [1, 16, 56, 18, 27, 28, 38, 58, 30]
Costo asociado: 181.019      Capacidad: 100.0

--> Costo total: 1588.6550000000002          Capacidad total: 829.0

La solución anterior duró 0min 0seg    -------> Nuevo optimo local. Costo: 1588.655       ==> Optimo: 1408.0  Desvio: 12.8%

Lista tabu: [((53,19,22.091),4), ((34,1,14.56),4), ((34,53,15.232),3), ((8,36,28.284),1), ((36,40,13.416),1), ((24,1,35.777),1), ((34,19,8.944),2), ((19,1,6.0),2), ((21,17,4.0),2), ((17,19,18.111),1), ((2,49,15.62),3), ((23,37,16.492),3), ((37,49,16.125),2), ((29,45,10.198),4), ((50,54,11.662),4), ((29,50,15.232),3), ((8,36,28.284),5), ((36,40,13.416),5), ((48,39,35.609),5), ((36,48,18.0),4), ((26,41,14.56),6), ((4,21,14.56),6), ((26,4,12.166),5), ((27,28,8.246),7), ((28,38,10.0),7), ((9,20,24.0),7), ((9,28,7.211),6)]

ADD: [(5,4,22.804)]

DROP: [(47,5,22.804), (5,1,42.802), (41,4,14.422)]

+-+-+-+-+-+-+-+-+-+-+-+-+-+-+-+-+-+-+-+-+-+-+-+-+- Iteracion 32  +-+-+-+-+-+-+-+-+-+-+-+-+-+-+-+-+-+-+-+-+-+-+-+-+-


Ruta #1: [1, 26, 41, 5, 4, 21, 17, 42]
Costo asociado: 107.717      Capacidad: 80.0

Ruta #2: [1, 6, 55, 11, 43, 46]
Costo asociado: 194.98399999999998      Capacidad: 94.0

Ruta #3: [1, 7, 12, 35, 25, 24]
Costo asociado: 157.13100000000003      Capacidad: 92.0

Ruta #4: [1, 9, 20, 14, 8, 36, 40]
Costo asociado: 201.518      Capacidad: 91.0

Ruta #5: [1, 10, 33, 52, 13, 44, 57, 51]
Costo asociado: 243.90200000000002      Capacidad: 97.0

Ruta #6: [1, 15, 48, 39, 60, 53, 34, 19]
Costo asociado: 108.724      Capacidad: 93.0

Ruta #7: [1, 59, 2, 49, 23, 37, 3]
Costo asociado: 188.869      Capacidad: 98.0

Ruta #8: [1, 29, 45, 50, 54, 31, 32, 22, 47]
Costo asociado: 197.99100000000004      Capacidad: 84.0

Ruta #9: [1, 16, 56, 18, 27, 28, 38, 58, 30]
Costo asociado: 181.019      Capacidad: 100.0

--> Costo total: 1581.855          Capacidad total: 829.0

La solución anterior duró 0min 0seg    -------> Nuevo optimo local. Costo: 1581.855       ==> Optimo: 1408.0  Desvio: 12.3%

Lista tabu: [((47,5,22.804),2), ((5,1,42.802),2), ((41,4,14.422),2), ((5,4,22.804),1), ((45,50,8.944),1), ((50,54,11.662),1), ((37,3,24.0),1), ((53,34,15.232),2), ((19,1,6.0),2), ((19,53,22.091),1), ((58,30,8.485),3), ((30,1,56.321),3), ((48,39,35.609),3), ((39,60,4.472),3), ((30,60,18.974),2), ((25,24,19.698),4), ((24,1,35.777),4), ((1,29,54.589),4), ((29,45,10.198),4), ((25,29,16.492),3), ((5,4,22.804),5), ((4,21,14.56),5), ((22,47,23.324),5), ((47,1,20.0),5), ((21,47,18.439),4), ((37,3,24.0),6), ((3,59,17.889),6), ((35,25,18.439),6), ((3,25,7.211),5), ((23,37,16.492),7), ((37,3,24.0),7), ((55,11,2.828),7), ((11,43,12.0),7), ((37,55,19.698),6)]

ADD: [(59,2,23.324)]

DROP: [(1,2,66.272), (3,59,17.889)]

+-+-+-+-+-+-+-+-+-+-+-+-+-+-+-+-+-+-+-+-+-+-+-+-+- Iteracion 38  +-+-+-+-+-+-+-+-+-+-+-+-+-+-+-+-+-+-+-+-+-+-+-+-+-


Ruta #1: [1, 26, 41, 5, 4, 21, 17, 42]
Costo asociado: 107.717      Capacidad: 80.0

Ruta #2: [1, 6, 55, 11, 43, 46]
Costo asociado: 194.98399999999998      Capacidad: 94.0

Ruta #3: [1, 7, 12, 35, 25, 24]
Costo asociado: 157.13100000000003      Capacidad: 92.0

Ruta #4: [1, 9, 20, 14, 8, 36, 40]
Costo asociado: 201.518      Capacidad: 91.0

Ruta #5: [1, 10, 33, 52, 13, 44, 57, 51]
Costo asociado: 243.90200000000002      Capacidad: 97.0

Ruta #6: [1, 15, 48, 39, 60, 53, 34, 19]
Costo asociado: 108.724      Capacidad: 93.0

Ruta #7: [1, 59, 2, 49, 23, 37, 3]
Costo asociado: 188.869      Capacidad: 98.0

Ruta #8: [1, 32, 29, 45, 50, 54, 31, 22, 47]
Costo asociado: 195.60100000000003      Capacidad: 84.0

Ruta #9: [1, 16, 56, 18, 27, 28, 38, 58, 30]
Costo asociado: 181.019      Capacidad: 100.0

--> Costo total: 1579.4650000000001          Capacidad total: 829.0

La solución anterior duró 0min 0seg    -------> Nuevo optimo local. Costo: 1579.465       ==> Optimo: 1408.0  Desvio: 12.2%

Lista tabu: [((23,37,16.492),1), ((37,3,24.0),1), ((55,11,2.828),1), ((11,43,12.0),1), ((1,2,66.272),6), ((3,59,17.889),6), ((59,2,23.324),5), ((55,11,2.828),3), ((2,49,15.62),3), ((49,55,10.198),2), ((59,2,23.324),4), ((2,49,15.62),4), ((29,45,10.198),4), ((2,29,18.439),3), ((8,36,28.284),5), ((36,40,13.416),5), ((60,53,10.198),5), ((36,53,22.361),4), ((53,34,15.232),6), ((34,19,8.944),6), ((42,1,5.657),6), ((34,42,10.0),5), ((1,6,86.833),7), ((6,55,2.828),7), ((11,43,12.0),7), ((43,46,4.472),7), ((6,46,4.472),6)]

ADD: [(29,32,4.0)]

DROP: [(1,29,54.589), (32,22,21.633), (31,32,29.53)]

+-+-+-+-+-+-+-+-+-+-+-+-+-+-+-+-+-+-+-+-+-+-+-+-+- Iteracion 42  +-+-+-+-+-+-+-+-+-+-+-+-+-+-+-+-+-+-+-+-+-+-+-+-+-


Ruta #1: [1, 26, 41, 12, 5, 4, 21, 17, 42]
Costo asociado: 107.941      Capacidad: 99.0

Ruta #2: [1, 6, 55, 11, 43, 46]
Costo asociado: 194.98399999999998      Capacidad: 94.0

Ruta #3: [1, 7, 35, 25, 24]
Costo asociado: 127.16700000000002      Capacidad: 73.0

Ruta #4: [1, 9, 20, 14, 8, 36, 40]
Costo asociado: 201.518      Capacidad: 91.0

Ruta #5: [1, 10, 33, 52, 13, 44, 57, 51]
Costo asociado: 243.90200000000002      Capacidad: 97.0

Ruta #6: [1, 15, 48, 39, 60, 53, 34, 19]
Costo asociado: 108.724      Capacidad: 93.0

Ruta #7: [1, 59, 2, 49, 23, 37, 3]
Costo asociado: 188.869      Capacidad: 98.0

Ruta #8: [1, 32, 29, 45, 50, 54, 31, 22, 47]
Costo asociado: 195.60100000000003      Capacidad: 84.0

Ruta #9: [1, 16, 56, 18, 27, 28, 38, 58, 30]
Costo asociado: 181.019      Capacidad: 100.0

--> Costo total: 1549.7250000000001          Capacidad total: 829.0

La solución anterior duró 0min 0seg    -------> Nuevo optimo local. Costo: 1549.725       ==> Optimo: 1408.0  Desvio: 10.100000000000001%

Lista tabu: [((1,2,66.272),2), ((3,59,17.889),2), ((59,2,23.324),1), ((8,36,28.284),1), ((36,40,13.416),1), ((60,53,10.198),1), ((53,34,15.232),2), ((34,19,8.944),2), ((42,1,5.657),2), ((34,42,10.0),1), ((1,6,86.833),3), ((6,55,2.828),3), ((11,43,12.0),3), ((43,46,4.472),3), ((6,46,4.472),2), ((1,29,54.589),8), ((32,22,21.633),8), ((31,32,29.53),8), ((29,32,4.0),7), ((1,26,12.806),5), ((21,17,4.0),5), ((1,21,16.125),4), ((37,3,24.0),6), ((3,1,54.037),6), ((35,25,18.439),6), ((3,25,7.211),5), ((1,6,86.833),7), ((6,55,2.828),7), ((23,37,16.492),7), ((37,3,24.0),7), ((6,23,4.472),6)]

ADD: [(41,12,8.944)]

DROP: [(7,12,18.439), (12,35,24.331), (41,5,17.205)]

+-+-+-+-+-+-+-+-+-+-+-+-+-+-+-+-+-+-+-+-+-+-+-+-+- Iteracion 43  +-+-+-+-+-+-+-+-+-+-+-+-+-+-+-+-+-+-+-+-+-+-+-+-+-


Ruta #1: [1, 26, 41, 12, 5, 4, 21, 17, 42]
Costo asociado: 107.941      Capacidad: 99.0

Ruta #2: [1, 6, 55, 11, 43, 46]
Costo asociado: 194.98399999999998      Capacidad: 94.0

Ruta #3: [1, 7, 35, 25, 24]
Costo asociado: 127.16700000000002      Capacidad: 73.0

Ruta #4: [1, 9, 20, 14, 8, 36, 40]
Costo asociado: 201.518      Capacidad: 91.0

Ruta #5: [1, 10, 33, 52, 13, 44, 57, 51]
Costo asociado: 243.90200000000002      Capacidad: 97.0

Ruta #6: [1, 15, 48, 39, 60, 53, 34, 19]
Costo asociado: 108.724      Capacidad: 93.0

Ruta #7: [1, 59, 49, 23, 37, 2, 3]
Costo asociado: 181.223      Capacidad: 98.0

Ruta #8: [1, 32, 29, 45, 50, 54, 31, 22, 47]
Costo asociado: 195.60100000000003      Capacidad: 84.0

Ruta #9: [1, 16, 56, 18, 27, 28, 38, 58, 30]
Costo asociado: 181.019      Capacidad: 100.0

--> Costo total: 1542.0790000000002          Capacidad total: 829.0

La solución anterior duró 0min 0seg    -------> Nuevo optimo local. Costo: 1542.079       ==> Optimo: 1408.0  Desvio: 9.5%

Lista tabu: [((1,2,66.272),1), ((3,59,17.889),1), ((53,34,15.232),1), ((34,19,8.944),1), ((42,1,5.657),1), ((1,6,86.833),2), ((6,55,2.828),2), ((11,43,12.0),2), ((43,46,4.472),2), ((6,46,4.472),1), ((1,29,54.589),7), ((32,22,21.633),7), ((31,32,29.53),7), ((29,32,4.0),6), ((1,26,12.806),4), ((21,17,4.0),4), ((1,21,16.125),3), ((37,3,24.0),5), ((3,1,54.037),5), ((35,25,18.439),5), ((3,25,7.211),4), ((1,6,86.833),6), ((6,55,2.828),6), ((23,37,16.492),6), ((37,3,24.0),6), ((6,23,4.472),5), ((7,12,18.439),11), ((12,35,24.331),11), ((41,5,17.205),11), ((41,12,8.944),10)]

ADD: [(2,3,12.649)]

DROP: [(37,3,24.0), (2,49,15.62), (59,2,23.324)]

+-+-+-+-+-+-+-+-+-+-+-+-+-+-+-+-+-+-+-+-+-+-+-+-+- Iteracion 44  +-+-+-+-+-+-+-+-+-+-+-+-+-+-+-+-+-+-+-+-+-+-+-+-+-


Ruta #1: [1, 26, 41, 12, 5, 4, 21, 17, 42]
Costo asociado: 107.941      Capacidad: 99.0

Ruta #2: [1, 6, 55, 11, 43, 46]
Costo asociado: 194.98399999999998      Capacidad: 94.0

Ruta #3: [1, 7, 35, 25, 24]
Costo asociado: 127.16700000000002      Capacidad: 73.0

Ruta #4: [1, 9, 20, 14, 8, 36, 40]
Costo asociado: 201.518      Capacidad: 91.0

Ruta #5: [1, 10, 33, 52, 13, 44, 57, 51]
Costo asociado: 243.90200000000002      Capacidad: 97.0

Ruta #6: [1, 15, 48, 39, 60, 53, 34, 19]
Costo asociado: 108.724      Capacidad: 93.0

Ruta #7: [1, 59, 49, 23, 37, 2, 3]
Costo asociado: 181.223      Capacidad: 98.0

Ruta #8: [1, 32, 29, 45, 50, 54, 31, 22, 47]
Costo asociado: 195.60100000000003      Capacidad: 84.0

Ruta #9: [1, 16, 56, 27, 28, 38, 18, 58, 30]
Costo asociado: 176.37      Capacidad: 100.0

--> Costo total: 1537.4300000000003          Capacidad total: 829.0

La solución anterior duró 0min 0seg    -------> Nuevo optimo local. Costo: 1537.43       ==> Optimo: 1408.0  Desvio: 9.2%

Lista tabu: [((1,6,86.833),1), ((6,55,2.828),1), ((11,43,12.0),1), ((43,46,4.472),1), ((1,29,54.589),6), ((32,22,21.633),6), ((31,32,29.53),6), ((29,32,4.0),5), ((1,26,12.806),3), ((21,17,4.0),3), ((1,21,16.125),2), ((37,3,24.0),4), ((3,1,54.037),4), ((35,25,18.439),4), ((3,25,7.211),3), ((1,6,86.833),5), ((6,55,2.828),5), ((23,37,16.492),5), ((37,3,24.0),5), ((6,23,4.472),4), ((7,12,18.439),10), ((12,35,24.331),10), ((41,5,17.205),10), ((41,12,8.944),9), ((37,3,24.0),11), ((2,49,15.62),11), ((59,2,23.324),11), ((2,3,12.649),10)]

ADD: [(18,58,6.0)]

DROP: [(38,58,4.472), (18,27,8.485), (56,18,28.636)]

+-+-+-+-+-+-+-+-+-+-+-+-+-+-+-+-+-+-+-+-+-+-+-+-+- Iteracion 47  +-+-+-+-+-+-+-+-+-+-+-+-+-+-+-+-+-+-+-+-+-+-+-+-+-


Ruta #1: [1, 26, 41, 12, 5, 4, 21, 17, 42]
Costo asociado: 107.941      Capacidad: 99.0

Ruta #2: [1, 6, 55, 11, 43, 46]
Costo asociado: 194.98399999999998      Capacidad: 94.0

Ruta #3: [1, 7, 35, 25, 24]
Costo asociado: 127.16700000000002      Capacidad: 73.0

Ruta #4: [1, 9, 20, 14, 8, 36, 40]
Costo asociado: 201.518      Capacidad: 91.0

Ruta #5: [1, 10, 33, 52, 13, 44, 57, 51]
Costo asociado: 243.90200000000002      Capacidad: 97.0

Ruta #6: [1, 19, 34, 53, 39, 60, 48, 15]
Costo asociado: 106.858      Capacidad: 93.0

Ruta #7: [1, 59, 49, 23, 37, 2, 3]
Costo asociado: 181.223      Capacidad: 98.0

Ruta #8: [1, 32, 29, 45, 50, 54, 31, 22, 47]
Costo asociado: 195.60100000000003      Capacidad: 84.0

Ruta #9: [1, 16, 56, 27, 28, 38, 18, 58, 30]
Costo asociado: 176.37      Capacidad: 100.0

--> Costo total: 1535.5640000000003          Capacidad total: 829.0

La solución anterior duró 0min 0seg    -------> Nuevo optimo local. Costo: 1535.564       ==> Optimo: 1408.0  Desvio: 9.1%

Lista tabu: [((1,29,54.589),3), ((32,22,21.633),3), ((31,32,29.53),3), ((29,32,4.0),2), ((37,3,24.0),1), ((3,1,54.037),1), ((35,25,18.439),1), ((1,6,86.833),2), ((6,55,2.828),2), ((23,37,16.492),2), ((37,3,24.0),2), ((6,23,4.472),1), ((7,12,18.439),7), ((12,35,24.331),7), ((41,5,17.205),7), ((41,12,8.944),6), ((37,3,24.0),8), ((2,49,15.62),8), ((59,2,23.324),8), ((2,3,12.649),7), ((38,58,4.472),9), ((18,27,8.485),9), ((56,18,28.636),9), ((18,58,6.0),8), ((1,15,15.62),6), ((34,19,8.944),6), ((53,34,15.232),6), ((15,34,16.492),5), ((26,41,14.56),7), ((4,21,14.56),7), ((26,4,12.166),6)]

ADD: [(53,39,10.0)]

DROP: [(48,39,35.609), (60,53,10.198)]

+-+-+-+-+-+-+-+-+-+-+-+-+-+-+-+-+-+-+-+-+-+-+-+-+- Iteracion 48  +-+-+-+-+-+-+-+-+-+-+-+-+-+-+-+-+-+-+-+-+-+-+-+-+-


Ruta #1: [1, 26, 41, 12, 5, 4, 21, 17, 42]
Costo asociado: 107.941      Capacidad: 99.0

Ruta #2: [1, 6, 55, 11, 43, 46]
Costo asociado: 194.98399999999998      Capacidad: 94.0

Ruta #3: [1, 7, 35, 25, 24]
Costo asociado: 127.16700000000002      Capacidad: 73.0

Ruta #4: [1, 9, 20, 14, 8, 36, 40]
Costo asociado: 201.518      Capacidad: 91.0

Ruta #5: [1, 10, 33, 52, 13, 57, 44, 51]
Costo asociado: 241.18500000000003      Capacidad: 97.0

Ruta #6: [1, 19, 34, 53, 39, 60, 48, 15]
Costo asociado: 106.858      Capacidad: 93.0

Ruta #7: [1, 59, 49, 23, 37, 2, 3]
Costo asociado: 181.223      Capacidad: 98.0

Ruta #8: [1, 32, 29, 45, 50, 54, 31, 22, 47]
Costo asociado: 195.60100000000003      Capacidad: 84.0

Ruta #9: [1, 16, 56, 27, 28, 38, 18, 58, 30]
Costo asociado: 176.37      Capacidad: 100.0

--> Costo total: 1532.8470000000002          Capacidad total: 829.0

La solución anterior duró 0min 0seg    -------> Nuevo optimo local. Costo: 1532.847       ==> Optimo: 1408.0  Desvio: 8.9%

Lista tabu: [((1,29,54.589),2), ((32,22,21.633),2), ((31,32,29.53),2), ((29,32,4.0),1), ((1,6,86.833),1), ((6,55,2.828),1), ((23,37,16.492),1), ((37,3,24.0),1), ((7,12,18.439),6), ((12,35,24.331),6), ((41,5,17.205),6), ((41,12,8.944),5), ((37,3,24.0),7), ((2,49,15.62),7), ((59,2,23.324),7), ((2,3,12.649),6), ((38,58,4.472),8), ((18,27,8.485),8), ((56,18,28.636),8), ((18,58,6.0),7), ((1,15,15.62),5), ((34,19,8.944),5), ((53,34,15.232),5), ((15,34,16.492),4), ((26,41,14.56),6), ((4,21,14.56),6), ((26,4,12.166),5), ((48,39,35.609),11), ((60,53,10.198),11), ((53,39,10.0),10)]

ADD: [(13,57,12.806)]

DROP: [(13,44,14.142), (57,51,31.113)]

+-+-+-+-+-+-+-+-+-+-+-+-+-+-+-+-+-+-+-+-+-+-+-+-+- Iteracion 51  +-+-+-+-+-+-+-+-+-+-+-+-+-+-+-+-+-+-+-+-+-+-+-+-+-


Ruta #1: [1, 26, 41, 12, 5, 4, 21, 17, 42]
Costo asociado: 107.941      Capacidad: 99.0

Ruta #2: [1, 6, 55, 11, 43, 46]
Costo asociado: 194.98399999999998      Capacidad: 94.0

Ruta #3: [1, 7, 35, 25, 24]
Costo asociado: 127.16700000000002      Capacidad: 73.0

Ruta #4: [1, 9, 16, 20, 14, 8, 36, 40]
Costo asociado: 214.396      Capacidad: 96.0

Ruta #5: [1, 10, 33, 52, 13, 57, 44, 51]
Costo asociado: 241.18500000000003      Capacidad: 97.0

Ruta #6: [1, 19, 34, 53, 39, 60, 48, 15]
Costo asociado: 106.858      Capacidad: 93.0

Ruta #7: [1, 59, 49, 23, 37, 2, 3]
Costo asociado: 181.223      Capacidad: 98.0

Ruta #8: [1, 32, 29, 45, 50, 54, 31, 22, 47]
Costo asociado: 195.60100000000003      Capacidad: 84.0

Ruta #9: [1, 56, 27, 28, 38, 18, 58, 30]
Costo asociado: 161.613      Capacidad: 95.0

--> Costo total: 1530.968          Capacidad total: 829.0

La solución anterior duró 0min 0seg    -------> Nuevo optimo local. Costo: 1530.968       ==> Optimo: 1408.0  Desvio: 8.7%

Lista tabu: [((7,12,18.439),3), ((12,35,24.331),3), ((41,5,17.205),3), ((41,12,8.944),2), ((37,3,24.0),4), ((2,49,15.62),4), ((59,2,23.324),4), ((2,3,12.649),3), ((38,58,4.472),5), ((18,27,8.485),5), ((56,18,28.636),5), ((18,58,6.0),4), ((1,15,15.62),2), ((34,19,8.944),2), ((53,34,15.232),2), ((15,34,16.492),1), ((26,41,14.56),3), ((4,21,14.56),3), ((26,4,12.166),2), ((48,39,35.609),8), ((60,53,10.198),8), ((53,39,10.0),7), ((13,44,14.142),9), ((57,51,31.113),9), ((13,57,12.806),8), ((36,40,13.416),6), ((40,1,52.345),6), ((25,24,19.698),6), ((24,40,22.361),5), ((1,59,49.396),7), ((59,49,30.0),7), ((25,24,19.698),7), ((24,59,14.142),6)]

ADD: [(16,20,18.439)]

DROP: [(1,16,48.374), (16,56,8.0), (9,20,24.0)]

+-+-+-+-+-+-+-+-+-+-+-+-+-+-+-+-+-+-+-+-+-+-+-+-+- Iteracion 52  +-+-+-+-+-+-+-+-+-+-+-+-+-+-+-+-+-+-+-+-+-+-+-+-+-


Ruta #1: [1, 26, 41, 12, 5, 4, 21, 17, 42]
Costo asociado: 107.941      Capacidad: 99.0

Ruta #2: [1, 6, 55, 11, 43, 46]
Costo asociado: 194.98399999999998      Capacidad: 94.0

Ruta #3: [1, 7, 35, 25, 24]
Costo asociado: 127.16700000000002      Capacidad: 73.0

Ruta #4: [1, 40, 36, 16, 20, 14, 8, 9]
Costo asociado: 183.998      Capacidad: 96.0

Ruta #5: [1, 10, 33, 52, 13, 57, 44, 51]
Costo asociado: 241.18500000000003      Capacidad: 97.0

Ruta #6: [1, 19, 34, 53, 39, 60, 48, 15]
Costo asociado: 106.858      Capacidad: 93.0

Ruta #7: [1, 59, 49, 23, 37, 2, 3]
Costo asociado: 181.223      Capacidad: 98.0

Ruta #8: [1, 32, 29, 45, 50, 54, 31, 22, 47]
Costo asociado: 195.60100000000003      Capacidad: 84.0

Ruta #9: [1, 56, 27, 28, 38, 18, 58, 30]
Costo asociado: 161.613      Capacidad: 95.0

--> Costo total: 1500.5700000000002          Capacidad total: 829.0

La solución anterior duró 0min 0seg    -------> Nuevo optimo local. Costo: 1500.57       ==> Optimo: 1408.0  Desvio: 6.6000000000000005%

Lista tabu: [((7,12,18.439),2), ((12,35,24.331),2), ((41,5,17.205),2), ((41,12,8.944),1), ((37,3,24.0),3), ((2,49,15.62),3), ((59,2,23.324),3), ((2,3,12.649),2), ((38,58,4.472),4), ((18,27,8.485),4), ((56,18,28.636),4), ((18,58,6.0),3), ((1,15,15.62),1), ((34,19,8.944),1), ((53,34,15.232),1), ((26,41,14.56),2), ((4,21,14.56),2), ((26,4,12.166),1), ((48,39,35.609),7), ((60,53,10.198),7), ((53,39,10.0),6), ((13,44,14.142),8), ((57,51,31.113),8), ((13,57,12.806),7), ((36,40,13.416),5), ((40,1,52.345),5), ((25,24,19.698),5), ((24,40,22.361),4), ((1,59,49.396),6), ((59,49,30.0),6), ((25,24,19.698),6), ((24,59,14.142),5), ((1,16,48.374),11), ((16,56,8.0),11), ((9,20,24.0),11), ((16,20,18.439),10)]

ADD: [(36,16,10.0)]

DROP: [(9,16,18.439), (8,36,28.284)]

+-+-+-+-+-+-+-+-+-+-+-+-+-+-+-+-+-+-+-+-+-+-+-+-+- Iteracion 59  +-+-+-+-+-+-+-+-+-+-+-+-+-+-+-+-+-+-+-+-+-+-+-+-+-


Ruta #1: [1, 26, 41, 12, 5, 4, 21, 17, 42]
Costo asociado: 107.941      Capacidad: 99.0

Ruta #2: [1, 6, 55, 11, 43, 46]
Costo asociado: 194.98399999999998      Capacidad: 94.0

Ruta #3: [1, 7, 35, 25, 24]
Costo asociado: 127.16700000000002      Capacidad: 73.0

Ruta #4: [1, 40, 36, 16, 14, 8, 9]
Costo asociado: 161.476      Capacidad: 93.0

Ruta #5: [1, 10, 33, 52, 13, 57, 44, 51]
Costo asociado: 241.18500000000003      Capacidad: 97.0

Ruta #6: [1, 19, 34, 53, 20, 39, 60, 48, 15]
Costo asociado: 120.33600000000001      Capacidad: 96.0

Ruta #7: [1, 59, 49, 23, 37, 2, 3]
Costo asociado: 181.223      Capacidad: 98.0

Ruta #8: [1, 32, 29, 45, 50, 54, 31, 22, 47]
Costo asociado: 195.60100000000003      Capacidad: 84.0

Ruta #9: [1, 56, 27, 28, 38, 18, 58, 30]
Costo asociado: 161.613      Capacidad: 95.0

--> Costo total: 1491.5260000000003          Capacidad total: 829.0

La solución anterior duró 0min 0seg    -------> Nuevo optimo local. Costo: 1491.526       ==> Optimo: 1408.0  Desvio: 5.8999999999999995%

Lista tabu: [((13,44,14.142),1), ((57,51,31.113),1), ((1,16,48.374),4), ((16,56,8.0),4), ((9,20,24.0),4), ((16,20,18.439),3), ((9,16,18.439),5), ((8,36,28.284),5), ((36,16,10.0),4), ((44,51,29.732),2), ((51,1,50.912),2), ((56,27,22.0),2), ((51,56,12.166),1), ((23,37,16.492),3), ((37,2,12.649),3), ((6,55,2.828),3), ((55,11,2.828),3), ((23,55,4.472),2), ((14,8,4.472),4), ((8,9,6.325),4), ((18,58,6.0),4), ((58,30,8.485),4), ((8,18,17.205),3), ((1,32,55.317),5), ((47,1,20.0),5), ((1,47,20.0),4), ((37,2,12.649),6), ((2,3,12.649),6), ((29,45,10.198),6), ((2,45,12.166),5), ((14,8,4.472),7), ((8,9,6.325),7), ((18,58,6.0),7), ((58,30,8.485),7), ((9,58,8.246),6)]

ADD: [(20,39,15.232)]

DROP: [(16,20,18.439), (20,14,24.083), (53,39,10.0)]

+-+-+-+-+-+-+-+-+-+-+-+-+-+-+-+-+-+-+-+-+-+-+-+-+- Iteracion 61  +-+-+-+-+-+-+-+-+-+-+-+-+-+-+-+-+-+-+-+-+-+-+-+-+-


Ruta #1: [1, 26, 41, 12, 47, 4, 21, 17, 42]
Costo asociado: 100.018      Capacidad: 89.0

Ruta #2: [1, 6, 55, 11, 43, 46]
Costo asociado: 194.98399999999998      Capacidad: 94.0

Ruta #3: [1, 7, 35, 25, 24]
Costo asociado: 127.16700000000002      Capacidad: 73.0

Ruta #4: [1, 40, 36, 16, 14, 8, 9]
Costo asociado: 161.476      Capacidad: 93.0

Ruta #5: [1, 10, 33, 52, 13, 57, 44, 51]
Costo asociado: 241.18500000000003      Capacidad: 97.0

Ruta #6: [1, 19, 34, 53, 20, 39, 60, 48, 15]
Costo asociado: 120.33600000000001      Capacidad: 96.0

Ruta #7: [1, 59, 49, 23, 37, 2, 3]
Costo asociado: 181.223      Capacidad: 98.0

Ruta #8: [1, 32, 29, 45, 50, 54, 31, 22, 5]
Costo asociado: 197.907      Capacidad: 94.0

Ruta #9: [1, 56, 27, 28, 38, 18, 58, 30]
Costo asociado: 161.613      Capacidad: 95.0

--> Costo total: 1485.909          Capacidad total: 829.0

La solución anterior duró 0min 0seg    -------> Nuevo optimo local. Costo: 1485.909       ==> Optimo: 1408.0  Desvio: 5.5%

Lista tabu: [((1,16,48.374),2), ((16,56,8.0),2), ((9,20,24.0),2), ((16,20,18.439),1), ((9,16,18.439),3), ((8,36,28.284),3), ((36,16,10.0),2), ((23,37,16.492),1), ((37,2,12.649),1), ((6,55,2.828),1), ((55,11,2.828),1), ((14,8,4.472),2), ((8,9,6.325),2), ((18,58,6.0),2), ((58,30,8.485),2), ((8,18,17.205),1), ((1,32,55.317),3), ((47,1,20.0),3), ((1,47,20.0),2), ((37,2,12.649),4), ((2,3,12.649),4), ((29,45,10.198),4), ((2,45,12.166),3), ((14,8,4.472),5), ((8,9,6.325),5), ((18,58,6.0),5), ((58,30,8.485),5), ((9,58,8.246),4), ((16,20,18.439),10), ((20,14,24.083),10), ((53,39,10.0),10), ((20,39,15.232),9), ((2,3,12.649),7), ((3,1,54.037),7), ((29,45,10.198),7), ((3,45,12.806),6)]

ADD: [(4,47,8.944)]

DROP: [(12,5,8.485), (5,4,22.804), (22,47,23.324), (47,1,20.0)]

+-+-+-+-+-+-+-+-+-+-+-+-+-+-+-+-+-+-+-+-+-+-+-+-+- Iteracion 63  +-+-+-+-+-+-+-+-+-+-+-+-+-+-+-+-+-+-+-+-+-+-+-+-+-


Ruta #1: [1, 26, 41, 12, 47, 4, 21, 17, 42]
Costo asociado: 100.018      Capacidad: 89.0

Ruta #2: [1, 6, 55, 11, 43, 46]
Costo asociado: 194.98399999999998      Capacidad: 94.0

Ruta #3: [1, 7, 35, 25, 24]
Costo asociado: 127.16700000000002      Capacidad: 73.0

Ruta #4: [1, 40, 36, 14, 8, 9]
Costo asociado: 158.679      Capacidad: 88.0

Ruta #5: [1, 10, 33, 52, 13, 57, 44, 51]
Costo asociado: 241.18500000000003      Capacidad: 97.0

Ruta #6: [1, 19, 34, 53, 20, 39, 60, 48, 15]
Costo asociado: 120.33600000000001      Capacidad: 96.0

Ruta #7: [1, 59, 49, 23, 37, 2, 3]
Costo asociado: 181.223      Capacidad: 98.0

Ruta #8: [1, 32, 29, 45, 50, 54, 31, 22, 5]
Costo asociado: 197.907      Capacidad: 94.0

Ruta #9: [1, 56, 16, 27, 28, 38, 18, 58, 30]
Costo asociado: 161.613      Capacidad: 100.0

--> Costo total: 1483.112          Capacidad total: 829.0

La solución anterior duró 0min 0seg    -------> Nuevo optimo local. Costo: 1483.112       ==> Optimo: 1408.0  Desvio: 5.3%

Lista tabu: [((9,16,18.439),1), ((8,36,28.284),1), ((1,32,55.317),1), ((47,1,20.0),1), ((37,2,12.649),2), ((2,3,12.649),2), ((29,45,10.198),2), ((2,45,12.166),1), ((14,8,4.472),3), ((8,9,6.325),3), ((18,58,6.0),3), ((58,30,8.485),3), ((9,58,8.246),2), ((16,20,18.439),8), ((20,14,24.083),8), ((53,39,10.0),8), ((20,39,15.232),7), ((2,3,12.649),5), ((3,1,54.037),5), ((29,45,10.198),5), ((3,45,12.806),4), ((12,5,8.485),10), ((5,4,22.804),10), ((22,47,23.324),10), ((47,1,20.0),10), ((4,47,8.944),9), ((29,45,10.198),7), ((50,54,11.662),7), ((29,50,15.232),6)]

ADD: [(56,16,8.0)]

DROP: [(36,16,10.0), (16,14,20.0), (56,27,22.0)]

+-+-+-+-+-+-+-+-+-+-+-+-+-+-+-+-+-+-+-+-+-+-+-+-+- Iteracion 68  +-+-+-+-+-+-+-+-+-+-+-+-+-+-+-+-+-+-+-+-+-+-+-+-+-


Ruta #1: [1, 26, 47, 41, 12, 4, 21, 17, 42]
Costo asociado: 93.303      Capacidad: 89.0

Ruta #2: [1, 6, 55, 11, 43, 46]
Costo asociado: 194.98399999999998      Capacidad: 94.0

Ruta #3: [1, 7, 35, 25, 24]
Costo asociado: 127.16700000000002      Capacidad: 73.0

Ruta #4: [1, 40, 36, 14, 8, 9]
Costo asociado: 158.679      Capacidad: 88.0

Ruta #5: [1, 10, 33, 52, 13, 57, 44, 51]
Costo asociado: 241.18500000000003      Capacidad: 97.0

Ruta #6: [1, 19, 34, 53, 20, 39, 60, 48, 15]
Costo asociado: 120.33600000000001      Capacidad: 96.0

Ruta #7: [1, 59, 49, 23, 37, 2, 3]
Costo asociado: 181.223      Capacidad: 98.0

Ruta #8: [1, 32, 29, 45, 50, 54, 31, 22, 5]
Costo asociado: 197.907      Capacidad: 94.0

Ruta #9: [1, 56, 16, 27, 28, 38, 18, 58, 30]
Costo asociado: 161.613      Capacidad: 100.0

--> Costo total: 1476.3970000000002          Capacidad total: 829.0

La solución anterior duró 0min 0seg    -------> Nuevo optimo local. Costo: 1476.397       ==> Optimo: 1408.0  Desvio: 4.9%

Lista tabu: [((16,20,18.439),3), ((20,14,24.083),3), ((53,39,10.0),3), ((20,39,15.232),2), ((12,5,8.485),5), ((5,4,22.804),5), ((22,47,23.324),5), ((47,1,20.0),5), ((4,47,8.944),4), ((29,45,10.198),2), ((50,54,11.662),2), ((29,50,15.232),1), ((36,16,10.0),7), ((16,14,20.0),7), ((56,27,22.0),7), ((56,16,8.0),6), ((2,3,12.649),4), ((3,1,54.037),4), ((29,45,10.198),4), ((3,29,10.0),3), ((14,8,4.472),5), ((39,60,4.472),5), ((14,60,17.889),4), ((1,40,52.345),6), ((40,36,13.416),6), ((60,48,33.941),6), ((48,15,12.649),6), ((36,48,18.0),5), ((26,41,14.56),7), ((41,12,8.944),7), ((1,7,40.447),7), ((7,41,17.088),6)]

ADD: [(26,47,7.211)]

DROP: [(26,41,14.56), (47,4,8.944), (12,47,14.422)]

+-+-+-+-+-+-+-+-+-+-+-+-+-+-+-+-+-+-+-+-+-+-+-+-+- Iteracion 78  +-+-+-+-+-+-+-+-+-+-+-+-+-+-+-+-+-+-+-+-+-+-+-+-+-


Ruta #1: [1, 26, 47, 41, 12, 4, 21, 17, 42]
Costo asociado: 93.303      Capacidad: 89.0

Ruta #2: [1, 6, 55, 11, 43, 46]
Costo asociado: 194.98399999999998      Capacidad: 94.0

Ruta #3: [1, 24, 35, 25, 7]
Costo asociado: 123.86800000000001      Capacidad: 73.0

Ruta #4: [1, 40, 36, 14, 8, 9]
Costo asociado: 158.679      Capacidad: 88.0

Ruta #5: [1, 10, 33, 52, 13, 57, 44, 51]
Costo asociado: 241.18500000000003      Capacidad: 97.0

Ruta #6: [1, 19, 34, 53, 20, 39, 60, 48, 15]
Costo asociado: 120.33600000000001      Capacidad: 96.0

Ruta #7: [1, 59, 49, 23, 37, 2, 3]
Costo asociado: 181.223      Capacidad: 98.0

Ruta #8: [1, 32, 29, 45, 50, 54, 31, 22, 5]
Costo asociado: 197.907      Capacidad: 94.0

Ruta #9: [1, 56, 16, 27, 28, 38, 18, 58, 30]
Costo asociado: 161.613      Capacidad: 100.0

--> Costo total: 1473.098          Capacidad total: 829.0

La solución anterior duró 0min 0seg    -------> Nuevo optimo local. Costo: 1473.098       ==> Optimo: 1408.0  Desvio: 4.6%

Lista tabu: [((26,41,14.56),2), ((47,4,8.944),2), ((12,47,14.422),2), ((26,47,7.211),1), ((22,5,2.828),1), ((5,1,42.802),1), ((1,56,41.617),2), ((56,16,8.0),2), ((24,1,35.777),2), ((24,56,19.698),1), ((47,41,8.0),3), ((41,12,8.944),3), ((1,7,40.447),3), ((7,41,17.088),2), ((26,47,7.211),4), ((12,4,16.0),4), ((12,26,21.633),3), ((19,34,8.944),5), ((34,53,15.232),5), ((42,1,5.657),5), ((34,42,10.0),4), ((4,21,14.56),6), ((17,42,16.125),6), ((4,17,16.125),5), ((2,3,12.649),7), ((3,1,54.037),7), ((7,35,12.806),7), ((3,7,16.125),6)]

ADD: [(35,24,12.0)]

DROP: [(7,35,12.806), (25,24,19.698)]

+-+-+-+-+-+-+-+-+-+-+-+-+-+-+-+-+-+-+-+-+-+-+-+-+- Iteracion 80  +-+-+-+-+-+-+-+-+-+-+-+-+-+-+-+-+-+-+-+-+-+-+-+-+-


Ruta #1: [1, 26, 47, 41, 12, 4, 21, 17, 42]
Costo asociado: 93.303      Capacidad: 89.0

Ruta #2: [1, 6, 55, 11, 43, 46]
Costo asociado: 194.98399999999998      Capacidad: 94.0

Ruta #3: [1, 24, 35, 25, 7]
Costo asociado: 123.86800000000001      Capacidad: 73.0

Ruta #4: [1, 40, 36, 14, 8, 9]
Costo asociado: 158.679      Capacidad: 88.0

Ruta #5: [1, 10, 33, 52, 13, 57, 44, 51]
Costo asociado: 241.18500000000003      Capacidad: 97.0

Ruta #6: [1, 19, 34, 53, 20, 39, 60, 48, 15]
Costo asociado: 120.33600000000001      Capacidad: 96.0

Ruta #7: [1, 59, 49, 23, 37, 2, 3]
Costo asociado: 181.223      Capacidad: 98.0

Ruta #8: [1, 32, 29, 45, 50, 31, 54, 22, 5]
Costo asociado: 185.171      Capacidad: 94.0

Ruta #9: [1, 56, 16, 27, 28, 38, 18, 58, 30]
Costo asociado: 161.613      Capacidad: 100.0

--> Costo total: 1460.362          Capacidad total: 829.0

La solución anterior duró 0min 0seg    -------> Nuevo optimo local. Costo: 1460.362       ==> Optimo: 1408.0  Desvio: 3.6999999999999997%

Lista tabu: [((47,41,8.0),1), ((41,12,8.944),1), ((1,7,40.447),1), ((26,47,7.211),2), ((12,4,16.0),2), ((12,26,21.633),1), ((19,34,8.944),3), ((34,53,15.232),3), ((42,1,5.657),3), ((34,42,10.0),2), ((4,21,14.56),4), ((17,42,16.125),4), ((4,17,16.125),3), ((2,3,12.649),5), ((3,1,54.037),5), ((7,35,12.806),5), ((3,7,16.125),4), ((7,35,12.806),10), ((25,24,19.698),10), ((35,24,12.0),9), ((47,41,8.0),7), ((41,12,8.944),7), ((41,47,8.0),6)]

ADD: [(31,50,16.971)]

DROP: [(50,54,11.662), (31,22,44.045)]

+-+-+-+-+-+-+-+-+-+-+-+-+-+-+-+-+-+-+-+-+-+-+-+-+- Iteracion 81  +-+-+-+-+-+-+-+-+-+-+-+-+-+-+-+-+-+-+-+-+-+-+-+-+-


Ruta #1: [1, 26, 47, 41, 12, 4, 21, 17, 42]
Costo asociado: 93.303      Capacidad: 89.0

Ruta #2: [1, 6, 55, 11, 43, 46]
Costo asociado: 194.98399999999998      Capacidad: 94.0

Ruta #3: [1, 24, 35, 25, 7]
Costo asociado: 123.86800000000001      Capacidad: 73.0

Ruta #4: [1, 40, 36, 14, 8, 9]
Costo asociado: 158.679      Capacidad: 88.0

Ruta #5: [1, 10, 33, 52, 13, 57, 44, 51]
Costo asociado: 241.18500000000003      Capacidad: 97.0

Ruta #6: [1, 19, 34, 53, 39, 60, 20, 48, 15]
Costo asociado: 106.983      Capacidad: 96.0

Ruta #7: [1, 59, 49, 23, 37, 2, 3]
Costo asociado: 181.223      Capacidad: 98.0

Ruta #8: [1, 32, 29, 45, 50, 31, 54, 22, 5]
Costo asociado: 185.171      Capacidad: 94.0

Ruta #9: [1, 56, 16, 27, 28, 38, 18, 58, 30]
Costo asociado: 161.613      Capacidad: 100.0

--> Costo total: 1447.009          Capacidad total: 829.0

La solución anterior duró 0min 0seg    -------> Nuevo optimo local. Costo: 1447.009       ==> Optimo: 1408.0  Desvio: 2.8000000000000003%

Lista tabu: [((26,47,7.211),1), ((12,4,16.0),1), ((19,34,8.944),2), ((34,53,15.232),2), ((42,1,5.657),2), ((34,42,10.0),1), ((4,21,14.56),3), ((17,42,16.125),3), ((4,17,16.125),2), ((2,3,12.649),4), ((3,1,54.037),4), ((7,35,12.806),4), ((3,7,16.125),3), ((7,35,12.806),9), ((25,24,19.698),9), ((35,24,12.0),8), ((47,41,8.0),6), ((41,12,8.944),6), ((41,47,8.0),5), ((50,54,11.662),11), ((31,22,44.045),11), ((31,50,16.971),10)]

ADD: [(20,48,21.26)]

DROP: [(60,48,33.941), (20,39,15.232), (53,20,8.246)]

+-+-+-+-+-+-+-+-+-+-+-+-+-+-+-+-+-+-+-+-+-+-+-+-+- Iteracion 90  +-+-+-+-+-+-+-+-+-+-+-+-+-+-+-+-+-+-+-+-+-+-+-+-+-


Ruta #1: [1, 26, 47, 41, 12, 4, 21, 17, 42]
Costo asociado: 93.303      Capacidad: 89.0

Ruta #2: [1, 6, 55, 11, 43, 46]
Costo asociado: 194.98399999999998      Capacidad: 94.0

Ruta #3: [1, 48, 24, 35, 25, 7]
Costo asociado: 124.122      Capacidad: 90.0

Ruta #4: [1, 40, 36, 14, 8, 9]
Costo asociado: 158.679      Capacidad: 88.0

Ruta #5: [1, 10, 33, 52, 13, 57, 44, 51]
Costo asociado: 241.18500000000003      Capacidad: 97.0

Ruta #6: [1, 19, 34, 53, 39, 60, 20, 15]
Costo asociado: 93.174      Capacidad: 79.0

Ruta #7: [1, 59, 49, 23, 37, 2, 3]
Costo asociado: 181.223      Capacidad: 98.0

Ruta #8: [1, 32, 29, 45, 50, 31, 54, 22, 5]
Costo asociado: 185.171      Capacidad: 94.0

Ruta #9: [1, 56, 16, 27, 28, 38, 18, 58, 30]
Costo asociado: 161.613      Capacidad: 100.0

--> Costo total: 1433.4540000000002          Capacidad total: 829.0

La solución anterior duró 0min 0seg    -------> Nuevo optimo local. Costo: 1433.454       ==> Optimo: 1408.0  Desvio: 1.7999999999999998%

Lista tabu: [((50,54,11.662),2), ((31,22,44.045),2), ((31,50,16.971),1), ((60,48,33.941),3), ((20,39,15.232),3), ((53,20,8.246),3), ((20,48,21.26),2), ((22,5,2.828),1), ((5,1,42.802),1), ((41,12,8.944),1), ((53,39,10.0),2), ((60,20,12.806),2), ((53,60,10.198),1), ((57,44,2.0),3), ((44,51,29.732),3), ((44,57,2.0),2), ((27,28,8.246),4), ((36,14,27.203),4), ((14,27,16.125),3), ((24,35,12.0),5), ((25,7,17.205),5), ((7,35,12.806),4), ((27,28,8.246),6), ((38,18,8.944),6), ((27,38,17.205),5), ((37,2,12.649),7), ((2,3,12.649),7), ((29,45,10.198),7), ((45,50,8.944),7), ((2,29,18.439),6)]

ADD: [(48,24,8.246)]

DROP: [(20,48,21.26), (48,15,12.649), (1,24,35.777)]

+-+-+-+-+-+-+-+-+-+-+-+-+-+-+-+-+-+-+-+-+-+-+-+-+- Iteracion 94  +-+-+-+-+-+-+-+-+-+-+-+-+-+-+-+-+-+-+-+-+-+-+-+-+-


Ruta #1: [1, 26, 47, 41, 12, 4, 21, 17, 42]
Costo asociado: 93.303      Capacidad: 89.0

Ruta #2: [1, 6, 55, 11, 43, 46]
Costo asociado: 194.98399999999998      Capacidad: 94.0

Ruta #3: [1, 48, 24, 35, 25, 7]
Costo asociado: 124.122      Capacidad: 90.0

Ruta #4: [1, 40, 36, 14, 8, 9]
Costo asociado: 158.679      Capacidad: 88.0

Ruta #5: [1, 51, 44, 57, 13, 33, 52, 10]
Costo asociado: 240.142      Capacidad: 97.0

Ruta #6: [1, 19, 34, 53, 39, 60, 20, 15]
Costo asociado: 93.174      Capacidad: 79.0

Ruta #7: [1, 59, 49, 23, 37, 2, 3]
Costo asociado: 181.223      Capacidad: 98.0

Ruta #8: [1, 32, 29, 45, 50, 31, 54, 22, 5]
Costo asociado: 185.171      Capacidad: 94.0

Ruta #9: [1, 56, 16, 27, 28, 38, 18, 58, 30]
Costo asociado: 161.613      Capacidad: 100.0

--> Costo total: 1432.411          Capacidad total: 829.0

La solución anterior duró 0min 0seg    -------> Nuevo optimo local. Costo: 1432.411       ==> Optimo: 1408.0  Desvio: 1.7000000000000002%

Lista tabu: [((24,35,12.0),1), ((25,7,17.205),1), ((27,28,8.246),2), ((38,18,8.944),2), ((27,38,17.205),1), ((37,2,12.649),3), ((2,3,12.649),3), ((29,45,10.198),3), ((45,50,8.944),3), ((2,29,18.439),2), ((20,48,21.26),8), ((48,15,12.649),8), ((1,24,35.777),8), ((48,24,8.246),7), ((47,41,8.0),5), ((41,12,8.944),5), ((41,47,8.0),4), ((44,51,29.732),6), ((33,52,16.971),6), ((10,33,6.325),6), ((33,44,20.1),5), ((27,28,8.246),7), ((28,38,10.0),7), ((36,14,27.203),7), ((14,28,8.944),6)]

ADD: [(33,13,15.62)]

DROP: [(10,33,6.325), (52,13,22.0)]

+-+-+-+-+-+-+-+-+-+-+-+-+-+-+-+-+-+-+-+-+-+-+-+-+- Iteracion 97  +-+-+-+-+-+-+-+-+-+-+-+-+-+-+-+-+-+-+-+-+-+-+-+-+-


Ruta #1: [1, 26, 47, 41, 12, 4, 21, 17, 42]
Costo asociado: 93.303      Capacidad: 89.0

Ruta #2: [1, 6, 55, 11, 43, 46]
Costo asociado: 194.98399999999998      Capacidad: 94.0

Ruta #3: [1, 48, 24, 35, 25, 7]
Costo asociado: 124.122      Capacidad: 90.0

Ruta #4: [1, 40, 36, 14, 8, 9]
Costo asociado: 158.679      Capacidad: 88.0

Ruta #5: [1, 51, 44, 57, 13, 33, 52, 10]
Costo asociado: 240.142      Capacidad: 97.0

Ruta #6: [1, 19, 34, 53, 39, 60, 20, 15]
Costo asociado: 93.174      Capacidad: 79.0

Ruta #7: [1, 59, 49, 23, 37, 2, 3]
Costo asociado: 181.223      Capacidad: 98.0

Ruta #8: [1, 32, 29, 45, 50, 31, 54, 22, 5]
Costo asociado: 185.171      Capacidad: 94.0

Ruta #9: [1, 30, 58, 38, 18, 28, 27, 16, 56]
Costo asociado: 154.557      Capacidad: 100.0

--> Costo total: 1425.355          Capacidad total: 829.0

La solución anterior duró 0min 0seg    -------> Nuevo optimo local. Costo: 1425.355       ==> Optimo: 1408.0  Desvio: 1.2%

Lista tabu: [((20,48,21.26),5), ((48,15,12.649),5), ((1,24,35.777),5), ((48,24,8.246),4), ((47,41,8.0),2), ((41,12,8.944),2), ((41,47,8.0),1), ((44,51,29.732),3), ((33,52,16.971),3), ((10,33,6.325),3), ((33,44,20.1),2), ((27,28,8.246),4), ((28,38,10.0),4), ((36,14,27.203),4), ((14,28,8.944),3), ((10,33,6.325),9), ((52,13,22.0),9), ((33,13,15.62),8), ((14,8,4.472),6), ((8,9,6.325),6), ((18,58,6.0),6), ((58,30,8.485),6), ((8,30,4.472),5), ((24,35,12.0),7), ((25,7,17.205),7), ((7,35,12.806),6)]

ADD: [(58,38,4.472)]

DROP: [(28,38,10.0), (18,58,6.0)]

+-+-+-+-+-+-+-+-+-+-+-+-+-+-+-+-+-+-+-+-+-+-+-+-+- Iteracion 98  +-+-+-+-+-+-+-+-+-+-+-+-+-+-+-+-+-+-+-+-+-+-+-+-+-


Ruta #1: [1, 26, 47, 41, 12, 4, 21, 17, 42]
Costo asociado: 93.303      Capacidad: 89.0

Ruta #2: [1, 6, 55, 11, 43, 46]
Costo asociado: 194.98399999999998      Capacidad: 94.0

Ruta #3: [1, 48, 24, 35, 25, 7]
Costo asociado: 124.122      Capacidad: 90.0

Ruta #4: [1, 40, 36, 14, 9, 8]
Costo asociado: 153.443      Capacidad: 88.0

Ruta #5: [1, 51, 44, 57, 13, 33, 52, 10]
Costo asociado: 240.142      Capacidad: 97.0

Ruta #6: [1, 19, 34, 53, 39, 60, 20, 15]
Costo asociado: 93.174      Capacidad: 79.0

Ruta #7: [1, 59, 49, 23, 37, 2, 3]
Costo asociado: 181.223      Capacidad: 98.0

Ruta #8: [1, 32, 29, 45, 50, 31, 54, 22, 5]
Costo asociado: 185.171      Capacidad: 94.0

Ruta #9: [1, 30, 58, 38, 18, 28, 27, 16, 56]
Costo asociado: 154.557      Capacidad: 100.0

--> Costo total: 1420.119          Capacidad total: 829.0

La solución anterior duró 0min 0seg    -------> Nuevo optimo local. Costo: 1420.119       ==> Optimo: 1408.0  Desvio: 0.8999999999999999%

Lista tabu: [((20,48,21.26),4), ((48,15,12.649),4), ((1,24,35.777),4), ((48,24,8.246),3), ((47,41,8.0),1), ((41,12,8.944),1), ((44,51,29.732),2), ((33,52,16.971),2), ((10,33,6.325),2), ((33,44,20.1),1), ((27,28,8.246),3), ((28,38,10.0),3), ((36,14,27.203),3), ((14,28,8.944),2), ((10,33,6.325),8), ((52,13,22.0),8), ((33,13,15.62),7), ((14,8,4.472),5), ((8,9,6.325),5), ((18,58,6.0),5), ((58,30,8.485),5), ((8,30,4.472),4), ((24,35,12.0),6), ((25,7,17.205),6), ((7,35,12.806),5), ((28,38,10.0),11), ((18,58,6.0),11), ((58,38,4.472),10)]

ADD: [(9,14,2.0)]

DROP: [(14,8,4.472), (9,1,54.918)]

+-+-+-+-+-+-+-+-+-+-+-+-+-+-+-+-+-+-+-+-+-+-+-+-+- Iteracion 106  +-+-+-+-+-+-+-+-+-+-+-+-+-+-+-+-+-+-+-+-+-+-+-+-+-


Ruta #1: [1, 26, 47, 41, 12, 4, 21, 17, 42]
Costo asociado: 93.303      Capacidad: 89.0

Ruta #2: [1, 46, 43, 6, 55, 11]
Costo asociado: 190.058      Capacidad: 94.0

Ruta #3: [1, 48, 24, 35, 25, 7]
Costo asociado: 124.122      Capacidad: 90.0

Ruta #4: [1, 40, 36, 14, 9, 8]
Costo asociado: 153.443      Capacidad: 88.0

Ruta #5: [1, 51, 44, 57, 13, 33, 52, 10]
Costo asociado: 240.142      Capacidad: 97.0

Ruta #6: [1, 19, 34, 53, 39, 60, 20, 15]
Costo asociado: 93.174      Capacidad: 79.0

Ruta #7: [1, 59, 49, 23, 37, 2, 3]
Costo asociado: 181.223      Capacidad: 98.0

Ruta #8: [1, 32, 29, 45, 50, 31, 54, 22, 5]
Costo asociado: 185.171      Capacidad: 94.0

Ruta #9: [1, 30, 58, 38, 18, 28, 27, 16, 56]
Costo asociado: 154.557      Capacidad: 100.0

--> Costo total: 1415.193          Capacidad total: 829.0

La solución anterior duró 0min 0seg    -------> Nuevo optimo local. Costo: 1415.193       ==> Optimo: 1408.0  Desvio: 0.5%

Lista tabu: [((28,38,10.0),3), ((18,58,6.0),3), ((58,38,4.472),2), ((14,8,4.472),4), ((9,1,54.918),4), ((9,14,2.0),3), ((59,49,30.0),1), ((2,3,12.649),1), ((37,2,12.649),1), ((16,56,8.0),2), ((56,1,41.617),2), ((1,48,27.785),2), ((48,56,20.0),1), ((45,50,8.944),3), ((54,22,26.0),3), ((45,54,18.111),2), ((9,8,6.325),4), ((8,1,52.154),4), ((30,58,8.485),4), ((58,38,4.472),4), ((9,58,8.246),3), ((25,7,17.205),5), ((7,1,40.447),5), ((47,41,8.0),5), ((41,12,8.944),5), ((7,12,18.439),4), ((47,41,8.0),6), ((41,12,8.944),6), ((41,47,8.0),5), ((60,20,12.806),7), ((20,15,20.1),7), ((20,60,12.806),6)]

ADD: [(43,6,8.0)]

DROP: [(1,6,86.833), (11,43,12.0)]

+-+-+-+-+-+-+-+-+-+-+-+-+-+-+-+-+-+-+-+-+-+-+-+-+- Iteracion 123  +-+-+-+-+-+-+-+-+-+-+-+-+-+-+-+-+-+-+-+-+-+-+-+-+-


Ruta #1: [1, 26, 47, 41, 12, 4, 21, 17, 42]
Costo asociado: 93.303      Capacidad: 89.0

Ruta #2: [1, 46, 43, 6, 55, 11]
Costo asociado: 190.058      Capacidad: 94.0

Ruta #3: [1, 48, 24, 35, 25, 7]
Costo asociado: 124.122      Capacidad: 90.0

Ruta #4: [1, 40, 16, 14, 9, 8]
Costo asociado: 145.473      Capacidad: 88.0

Ruta #5: [1, 51, 44, 57, 13, 33, 52, 10]
Costo asociado: 240.142      Capacidad: 97.0

Ruta #6: [1, 19, 34, 53, 39, 60, 20, 15]
Costo asociado: 93.174      Capacidad: 79.0

Ruta #7: [1, 59, 49, 23, 37, 2, 3]
Costo asociado: 181.223      Capacidad: 98.0

Ruta #8: [1, 32, 29, 45, 50, 31, 54, 22, 5]
Costo asociado: 185.171      Capacidad: 94.0

Ruta #9: [1, 30, 58, 38, 18, 28, 27, 36, 56]
Costo asociado: 158.557      Capacidad: 100.0

--> Costo total: 1411.223          Capacidad total: 829.0

La solución anterior duró 0min 0seg    -------> Nuevo optimo local. Costo: 1411.223       ==> Optimo: 1408.0  Desvio: 0.2%

Lista tabu: [((45,50,8.944),1), ((50,31,16.971),1), ((37,2,12.649),1), ((50,31,16.971),2), ((31,54,18.111),2), ((31,50,16.971),1), ((22,5,2.828),3), ((5,1,42.802),3), ((47,41,8.0),3), ((41,12,8.944),3), ((22,41,16.971),2), ((30,58,8.485),4), ((28,27,8.246),4), ((18,28,4.472),4), ((28,30,10.198),3), ((1,26,12.806),5), ((21,17,4.0),5), ((17,26,12.649),4), ((37,2,12.649),6), ((2,3,12.649),6), ((32,29,4.0),6), ((29,45,10.198),6), ((2,45,12.166),5), ((58,38,4.472),7), ((28,27,8.246),7), ((27,38,17.205),6)]

ADD: [(14,16,20.0)]

DROP: [(40,36,13.416), (36,14,27.203), (27,16,14.0), (16,56,8.0)]

+-+-+-+-+-+-+-+-+-+-+-+-+-+-+-+-+-+-+-+-+-+-+-+-+- Iteracion 127  +-+-+-+-+-+-+-+-+-+-+-+-+-+-+-+-+-+-+-+-+-+-+-+-+-


Ruta #1: [1, 26, 47, 41, 12, 4, 21, 17]
Costo asociado: 83.687      Capacidad: 68.0

Ruta #2: [1, 46, 43, 6, 55, 11]
Costo asociado: 190.058      Capacidad: 94.0

Ruta #3: [1, 48, 24, 35, 25, 7]
Costo asociado: 124.122      Capacidad: 90.0

Ruta #4: [1, 40, 16, 14, 9, 8]
Costo asociado: 145.473      Capacidad: 88.0

Ruta #5: [1, 51, 44, 57, 13, 33, 52, 10]
Costo asociado: 240.142      Capacidad: 97.0

Ruta #6: [1, 42, 19, 34, 53, 39, 60, 20, 15]
Costo asociado: 97.303      Capacidad: 100.0

Ruta #7: [1, 59, 49, 23, 37, 2, 3]
Costo asociado: 181.223      Capacidad: 98.0

Ruta #8: [1, 32, 29, 45, 50, 31, 54, 22, 5]
Costo asociado: 185.171      Capacidad: 94.0

Ruta #9: [1, 30, 58, 38, 18, 28, 27, 36, 56]
Costo asociado: 158.557      Capacidad: 100.0

--> Costo total: 1405.736          Capacidad total: 829.0

La solución anterior duró 0min 0seg    -------> Nuevo optimo local. Costo: 1405.736       ==> Optimo: 1408.0  Desvio: -0.2%

Lista tabu: [((1,26,12.806),1), ((21,17,4.0),1), ((37,2,12.649),2), ((2,3,12.649),2), ((32,29,4.0),2), ((29,45,10.198),2), ((2,45,12.166),1), ((58,38,4.472),3), ((28,27,8.246),3), ((27,38,17.205),2), ((40,36,13.416),8), ((36,14,27.203),8), ((27,16,14.0),8), ((16,56,8.0),8), ((14,16,20.0),7), ((21,17,4.0),5), ((17,42,16.125),5), ((17,21,4.0),4), ((9,8,6.325),6), ((28,27,8.246),6), ((9,27,14.142),5), ((2,3,12.649),7), ((3,1,54.037),7), ((1,32,55.317),7), ((3,32,14.0),6)]

ADD: [(42,19,4.472)]

DROP: [(17,42,16.125), (42,1,5.657), (1,19,6.0)]

+-+-+-+-+-+-+-+-+-+-+-+-+-+-+-+-+-+- Solucion Optima +-+-+-+-+-+-+-+-+-+-+-+-+-+-+-+-+-+-

Ruta #1: [1, 26, 47, 41, 12, 4, 21, 17]
Costo asociado: 83.687      Capacidad: 68.0

Ruta #2: [1, 46, 43, 6, 55, 11]
Costo asociado: 190.058      Capacidad: 94.0

Ruta #3: [1, 48, 24, 35, 25, 7]
Costo asociado: 124.122      Capacidad: 90.0

Ruta #4: [1, 40, 16, 14, 9, 8]
Costo asociado: 145.473      Capacidad: 88.0

Ruta #5: [1, 51, 44, 57, 13, 33, 52, 10]
Costo asociado: 240.142      Capacidad: 97.0

Ruta #6: [1, 42, 19, 34, 53, 39, 60, 20, 15]
Costo asociado: 97.303      Capacidad: 100.0

Ruta #7: [1, 59, 49, 23, 37, 2, 3]
Costo asociado: 181.223      Capacidad: 98.0

Ruta #8: [1, 32, 29, 45, 50, 31, 54, 22, 5]
Costo asociado: 185.171      Capacidad: 94.0

Ruta #9: [1, 30, 58, 38, 18, 28, 27, 36, 56]
Costo asociado: 158.557      Capacidad: 100.0


Costo total:  1405.736        Optimo real:  1408.0      Desviación: -0.2%

Cantidad de iteraciones: 128
Nro de vehiculos: 9
Capacidad Maxima/Vehiculo: 100.0
Tiempo total: 0min 0seg
Tiempo de estancamiento: 0min 0seg
